교통사고 당사자 번호,이름,성별,생년월일,면허유무,안전벨트 유무,음주 여부,부상/사망 여부,교통사고 종류,교통사고 날짜,사고직전 속도,사고 발생지,대전시 사고 관리 번호
1,성수정,여,1994.4.20,유,유,무,부상,신호위반,2022.10.29,104,중구 대흥동,2022J68
2,황지후,남,1965.8.2,유,유,무,부상,중앙선 침범,2022.2.10,105,대덕구 석봉동,2022B61
3,정지호,남,1989.3.7,유,유,유,부상,음주운전,2022.11.20,100,서구 월평동,2022K4
4,유하은,남,1999.11.24,유,유,무,부상,신호위반,2022.6.28,116,중구 대사동,2022F97
5,곽지우,남,1987.1.29,유,유,무,부상,과속,2022.8.29,118,대덕구 석봉동,2022H41
6,황채원,여,1972.10.17,유,유,무,부상,중앙선 침범,2022.4.20,118,대덕구 석봉동,2022D96
7,황서진,여,1962.9.9,유,유,유,사망,음주운전,2022.8.4,132,서구 만년동,2022H42
8,이윤서,남,1970.5.30,유,유,유,부상,음주운전,2022.6.9,100,유성구 신성동,2022F70
9,황하윤,남,1966.12.30,유,유,무,부상,과속,2022.9.22,126,유성구 신성동,2022I5
10,최지원,남,1987.9.11,유,유,무,부상,신호위반,2022.5.3,91,서구 만년동,2022Z69
11,성지원,남,1961.7.1,유,유,무,부상,중앙선 침범,2022.8.6,122,대덕구 법동,2022H39
12,조예준,여,1988.7.13,유,유,무,부상,과속,2022.9.5,116,서구 만년동,2022I53
13,한지유,남,1988.8.22,유,유,무,부상,중앙선 침범,2022.11.27,94,동구 삼성동,2022K46
14,한채원,남,1999.2.17,유,유,유,부상,음주운전,2022.6.12,126,유성구 노은동,2022F98
15,황연우,남,1994.4.11,유,유,무,부상,신호위반,2022.6.24,103,대덕구 송촌동,2022F33
16,최하은,남,1976.4.19,유,유,유,부상,음주운전,2022.6.15,122,대덕구 석봉동,2022F32
17,이지우,남,1992.1.15,유,유,유,사망,음주운전,2022.12.14,132,대덕구 석봉동,2022L74
18,곽민서,남,1970.7.12,유,유,무,부상,중앙선 침범,2022.10.10,110,서구 도마동,2022J89
19,정민서,여,1972.8.29,유,유,무,사망,과속,2022.6.29,137,동구 용운동,2022F20
20,노시우,여,1992.5.26,유,유,무,사망,중앙선 침범,2022.5.9,131,대덕구 송촌동,2022Z15
21,노지민,남,1988.7.28,유,유,무,부상,중앙선 침범,2022.2.20,100,서구 갈마동,2022B2
22,곽지호,여,1968.11.13,유,유,유,사망,음주운전,2022.11.26,133,대덕구 송촌동,2022K58
23,정주원,남,1995.11.20,유,유,무,사망,신호위반,2022.8.29,138,유성구 전민동,2022H33
24,곽지후,여,2000.6.19,유,유,무,부상,중앙선 침범,2022.9.10,116,대덕구 석봉동,2022I1
25,장지민,남,2001.1.25,유,유,무,부상,신호위반,2022.2.6,101,중구 은행선화동,2022B41
26,곽서윤,여,1973.9.16,유,유,무,사망,과속,2022.12.30,131,대덕구 법동,2022L63
27,성하은,남,1969.2.30,유,유,무,부상,신호위반,2022.12.4,109,서구 만년동,2022L64
28,최주호,남,1992.11.24,유,유,무,부상,신호위반,2022.2.19,96,동구 자양동,2022B7
29,정하준,여,1988.1.14,유,유,무,사망,중앙선 침범,2022.7.12,132,서구 만년동,2022G37
30,박준서,여,1982.2.23,유,유,무,부상,과속,2022.6.29,120,유성구 노은동,2022F37
31,최서준,남,1991.12.11,유,유,무,부상,과속,2022.2.7,101,대덕구 오정동,2022B2
32,황지안,남,1983.6.1,유,유,무,사망,중앙선 침범,2022.3.25,97,서구 둔상동,2022C12
33,한채은,남,1966.11.7,유,유,무,사망,신호위반,2022.3.22,132,중구 대흥동,2022C62
34,최지호,남,1992.2.16,유,유,유,사망,음주운전,2022.7.4,135,동구 효동,2022G76
35,이수정,남,1994.11.28,유,유,무,사망,과속,2022.5.24,126,동구 자양동,2022Z41
36,육지우,남,1963.3.28,유,유,무,부상,중앙선 침범,2022.7.13,121,유성구 노은동,2022G68
37,정서준,남,1963.4.2,유,유,무,부상,신호위반,2022.6.20,120,유성구 신성동,2022F62
38,곽지민,여,1977.1.11,유,유,유,부상,음주운전,2022.11.27,91,서구 월평동,2022K95
39,최하준,여,1993.5.12,유,유,무,부상,과속,2022.7.1,114,유성구 신성동,2022G98
40,육지안,남,1965.5.28,유,유,무,사망,신호위반,2022.2.28,130,유성구 전민동,2022B42
41,이주원,여,1982.5.25,유,유,무,부상,신호위반,2022.1.23,126,서구 월평동,2022A56
42,김지후,남,1985.6.24,유,유,유,부상,음주운전,2022.8.5,102,서구 둔상동,2022H33
43,한지우,남,1969.8.19,유,유,무,부상,과속,2022.11.23,104,대덕구 송촌동,2022K42
44,노지민,여,1983.8.28,유,유,유,사망,음주운전,2022.4.8,131,서구 둔상동,2022D68
45,장연우,여,1963.9.22,유,유,유,사망,음주운전,2022.12.18,94,유성구 전민동,2022L63
46,이민서,여,1982.6.21,유,유,유,부상,음주운전,2022.2.14,113,대덕구 법동,2022B4
47,김선우,남,1981.10.7,유,유,무,부상,중앙선 침범,2022.6.30,124,대덕구 법동,2022F60
48,한준서,남,1967.11.6,유,유,무,부상,과속,2022.7.23,113,대덕구 송촌동,2022G50
49,김서진,남,1997.7.4,유,유,무,부상,과속,2022.5.29,100,서구 둔상동,2022Z93
50,유서준,남,1998.12.7,유,유,유,부상,음주운전,2022.5.4,122,대덕구 오정동,2022Z92
51,장윤서,여,1998.3.1,유,유,유,사망,음주운전,2022.2.7,135,서구 둔상동,2022B68
52,성민서,남,1987.12.30,유,유,유,부상,음주운전,2022.5.17,90,동구 삼성동,2022Z7
53,정채원,여,1994.3.7,유,유,무,부상,중앙선 침범,2022.6.27,95,대덕구 석봉동,2022F72
54,육서준,여,1994.2.29,유,유,무,사망,과속,2022.5.28,126,중구 오류동,2022Z34
55,한윤서,여,1964.12.21,유,유,무,부상,신호위반,2022.3.9,91,유성구 신성동,2022C97
56,김서진,남,1972.7.27,유,유,유,사망,음주운전,2022.7.30,132,유성구 관평동,2022G93
57,노채은,남,2001.6.2,유,유,유,부상,음주운전,2022.1.27,116,중구 목동,2022A62
58,박서준,남,1980.7.21,유,유,유,부상,음주운전,2022.2.17,113,서구 둔상동,2022B60
59,최예준,남,1967.10.1,유,유,무,사망,중앙선 침범,2022.5.8,113,대덕구 석봉동,2022Z5
60,조예준,여,1991.10.13,유,유,무,부상,중앙선 침범,2022.8.20,113,대덕구 회덕동,2022H69
61,정준우,여,1987.2.1,유,유,무,부상,신호위반,2022.6.16,128,서구 월평동,2022F38
62,곽지민,여,1974.8.25,유,유,무,부상,과속,2022.12.31,109,유성구 전민동,2022L16
63,김시우,남,1976.10.25,유,유,무,부상,과속,2022.2.9,94,대덕구 오정동,2022B57
64,장지안,남,1986.1.14,유,유,무,부상,중앙선 침범,2022.8.1,96,동구 용운동,2022H88
65,이선우,여,1976.7.4,유,유,무,부상,과속,2022.7.31,116,유성구 진잠동,2022G17
66,최서진,남,1984.7.23,유,유,유,부상,음주운전,2022.1.3,99,중구 대사동,2022A23
67,김채은,남,1974.7.1,유,유,무,부상,중앙선 침범,2022.7.12,105,유성구 신성동,2022G12
68,정윤서,여,1977.2.18,유,유,무,사망,신호위반,2022.1.25,137,대덕구 석봉동,2022A60
69,곽하준,남,1999.4.17,유,유,유,사망,음주운전,2022.3.22,116,서구 도마동,2022C61
70,성하은,남,1965.9.17,유,유,유,부상,음주운전,2022.3.20,104,서구 둔상동,2022C25
71,조채원,여,1976.4.25,유,유,무,부상,중앙선 침범,2022.1.5,121,서구 만년동,2022A42
72,박지우,여,1967.4.25,유,유,무,부상,신호위반,2022.12.3,93,서구 갈마동,2022L90
73,이수정,여,1978.5.30,유,유,유,사망,음주운전,2022.7.28,132,중구 대흥동,2022G98
74,한채은,남,1991.4.5,유,유,무,사망,신호위반,2022.9.27,134,동구 효동,2022I31
75,정지우,여,2002.7.1,유,유,무,사망,신호위반,2022.1.21,135,대덕구 석봉동,2022A95
76,노민준,남,1999.2.22,유,유,무,부상,신호위반,2022.6.29,95,유성구 진잠동,2022F99
77,황수정,남,1994.8.27,유,유,무,부상,신호위반,2022.4.4,129,유성구 전민동,2022D90
78,성도윤,남,1990.10.8,유,유,무,사망,과속,2022.5.11,132,유성구 진잠동,2022Z39
79,육시우,여,1996.11.12,유,유,무,부상,과속,2022.5.4,93,서구 도마동,2022Z68
80,유선우,남,1995.4.15,유,유,무,부상,과속,2022.1.12,95,대덕구 석봉동,2022A20
81,노지원,여,1997.5.31,유,유,유,부상,음주운전,2022.4.31,122,유성구 전민동,2022D21
82,노지원,여,1972.11.16,유,유,유,부상,음주운전,2022.9.2,105,동구 용운동,2022I77
83,김연우,여,1975.9.15,유,유,무,부상,신호위반,2022.1.2,94,유성구 전민동,2022A27
84,성주호,남,1964.7.31,유,유,무,부상,과속,2022.9.6,117,유성구 신성동,2022I39
85,장지원,여,1964.2.16,유,유,무,부상,과속,2022.4.28,106,대덕구 오정동,2022D78
86,최예준,여,1970.7.19,유,유,무,부상,중앙선 침범,2022.12.17,127,서구 둔상동,2022L44
87,장연우,여,1964.2.14,유,유,무,부상,신호위반,2022.11.8,111,중구 오류동,2022K1
88,노지후,여,1962.2.9,유,유,무,부상,신호위반,2022.5.4,109,중구 대사동,2022Z64
89,최지원,여,1999.10.21,유,유,무,부상,신호위반,2022.6.9,96,대덕구 송촌동,2022F4
90,정서준,여,1998.4.18,유,유,유,부상,음주운전,2022.9.2,116,동구 삼성동,2022I72
91,노채원,남,1967.8.21,유,유,무,사망,신호위반,2022.12.18,130,중구 대사동,2022L85
92,한지유,남,1988.2.10,유,유,무,부상,중앙선 침범,2022.1.21,119,유성구 관평동,2022A32
93,최서윤,남,1998.12.14,유,유,무,사망,신호위반,2022.8.10,125,중구 오류동,2022H50
94,장도윤,남,1998.9.26,유,유,무,부상,과속,2022.11.12,92,동구 효동,2022K8
95,이채은,남,1994.4.25,유,유,무,부상,과속,2022.8.13,105,대덕구 오정동,2022H43
96,성수정,남,1967.4.22,유,유,유,부상,음주운전,2022.12.21,115,유성구 진잠동,2022L50
97,성선우,여,1969.3.16,유,유,무,부상,신호위반,2022.6.13,98,중구 대사동,2022F14
98,박지안,여,1970.7.31,유,유,무,사망,중앙선 침범,2022.3.31,133,대덕구 송촌동,2022C27
99,조서윤,남,1989.11.10,유,유,유,부상,음주운전,2022.9.29,128,대덕구 법동,2022I3
100,유시우,여,2000.10.7,유,유,무,부상,중앙선 침범,2022.9.6,104,서구 도마동,2022I53
101,이지호,남,1975.3.22,유,유,무,부상,신호위반,2022.6.13,120,서구 월평동,2022F3
102,노서윤,남,1969.2.16,유,유,무,부상,중앙선 침범,2022.6.25,109,대덕구 석봉동,2022F78
103,정선우,여,1981.8.1,유,유,무,사망,중앙선 침범,2022.1.23,114,대덕구 회덕동,2022A21
104,유예준,여,1971.8.28,유,유,무,사망,과속,2022.8.20,133,동구 용운동,2022H55
105,성서진,여,1971.4.31,유,유,무,부상,신호위반,2022.7.23,115,대덕구 오정동,2022G7
106,최연우,여,1992.8.15,유,유,무,부상,중앙선 침범,2022.3.8,120,중구 목동,2022C55
107,정수정,여,1977.7.4,유,유,무,사망,중앙선 침범,2022.8.28,131,서구 월평동,2022H43
108,유지유,남,1992.5.3,유,유,무,부상,과속,2022.3.21,112,대덕구 회덕동,2022C67
109,유서준,남,1962.5.30,유,유,무,부상,과속,2022.7.28,122,동구 용운동,2022G70
110,한하준,여,1991.2.21,유,유,무,부상,중앙선 침범,2022.6.16,95,대덕구 회덕동,2022F57
111,성하은,남,1971.6.22,유,유,무,부상,신호위반,2022.12.10,125,유성구 진잠동,2022L74
112,곽채은,여,1973.12.30,유,유,무,부상,신호위반,2022.4.9,122,동구 삼성동,2022D48
113,유하윤,여,1995.11.27,유,유,무,부상,중앙선 침범,2022.4.24,91,유성구 노은동,2022D97
114,최민서,여,1983.6.28,유,유,무,부상,중앙선 침범,2022.9.24,90,동구 용운동,2022I30
115,유시우,여,1997.7.27,유,유,유,부상,음주운전,2022.1.12,126,대덕구 회덕동,2022A52
116,한지우,여,1965.12.3,유,유,무,부상,신호위반,2022.9.31,123,서구 만년동,2022I74
117,성하준,남,1995.5.16,유,유,유,부상,음주운전,2022.11.11,129,유성구 관평동,2022K39
118,최수정,여,1986.3.8,유,유,무,사망,과속,2022.11.1,134,중구 오류동,2022K23
119,육서진,여,1989.3.16,유,유,유,부상,음주운전,2022.9.10,104,대덕구 석봉동,2022I27
120,최지후,여,1990.9.10,유,유,무,부상,과속,2022.3.26,103,동구 용운동,2022C82
121,조수정,남,1960.9.22,유,유,무,부상,중앙선 침범,2022.1.13,116,중구 대흥동,2022A97
122,박선우,여,1996.8.28,유,유,무,사망,신호위반,2022.9.4,131,유성구 신성동,2022I74
123,성도윤,여,1973.1.13,유,유,무,부상,신호위반,2022.9.25,119,서구 둔상동,2022I26
124,성선우,남,1982.5.30,유,유,유,부상,음주운전,2022.11.3,107,대덕구 석봉동,2022K79
125,정예준,여,1961.2.24,유,유,무,부상,신호위반,2022.6.20,93,중구 오류동,2022F34
126,육서윤,남,1996.7.16,유,유,무,부상,신호위반,2022.3.18,97,대덕구 석봉동,2022C26
127,유하윤,남,1961.3.15,유,유,유,사망,음주운전,2022.10.25,112,동구 효동,2022J25
128,장서연,남,1978.8.3,유,유,무,부상,신호위반,2022.12.5,128,중구 대사동,2022L69
129,이지호,여,1961.5.2,유,유,무,부상,중앙선 침범,2022.10.10,126,유성구 관평동,2022J73
130,유서연,남,1992.9.19,유,유,무,부상,과속,2022.7.6,93,중구 대사동,2022G82
131,장채원,남,1984.5.22,유,유,무,부상,중앙선 침범,2022.2.21,90,서구 둔상동,2022B28
132,황주호,남,1999.2.5,유,유,무,부상,중앙선 침범,2022.11.13,97,동구 용운동,2022K84
133,이예준,남,1999.1.22,유,유,무,사망,신호위반,2022.3.7,97,서구 둔상동,2022C79
134,박준우,남,2002.3.19,유,유,무,사망,신호위반,2022.2.13,130,중구 대사동,2022B94
135,장연우,남,1977.6.30,유,유,유,부상,음주운전,2022.1.10,111,유성구 관평동,2022A56
136,유준우,남,1970.8.21,유,유,유,부상,음주운전,2022.12.22,107,동구 자양동,2022L74
137,성지유,남,2000.3.9,유,유,무,사망,과속,2022.8.24,137,동구 효동,2022H76
138,노도윤,여,1988.1.26,유,유,무,부상,중앙선 침범,2022.4.19,96,유성구 진잠동,2022D79
139,박서준,남,1981.12.20,유,유,유,부상,음주운전,2022.11.20,120,중구 오류동,2022K41
140,곽윤서,여,1977.5.20,유,유,무,부상,중앙선 침범,2022.5.1,90,중구 목동,2022Z50
141,박주호,여,1973.6.24,유,유,유,부상,음주운전,2022.3.21,115,유성구 진잠동,2022C25
142,유서연,남,1995.7.31,유,유,무,사망,신호위반,2022.9.6,100,동구 신인동,2022I71
143,박지우,남,1971.8.31,유,유,유,사망,음주운전,2022.10.10,135,동구 자양동,2022J99
144,성하윤,여,1998.11.29,유,유,무,부상,신호위반,2022.4.17,103,중구 오류동,2022D73
145,김지안,남,2001.11.30,유,유,무,부상,중앙선 침범,2022.10.1,104,대덕구 오정동,2022J75
146,육지후,남,1965.12.13,유,유,무,사망,과속,2022.10.15,136,서구 만년동,2022J26
147,황주호,여,1970.6.3,유,유,무,사망,과속,2022.4.3,136,중구 대흥동,2022D92
148,성지우,남,1984.10.29,유,유,무,부상,중앙선 침범,2022.5.2,101,중구 은행선화동,2022Z67
149,육채원,여,1984.6.2,유,유,무,사망,중앙선 침범,2022.2.25,106,대덕구 회덕동,2022B21
150,황서현,여,1960.5.1,유,유,무,사망,과속,2022.7.25,136,서구 월평동,2022G50
151,한서진,남,1962.8.10,유,유,유,부상,음주운전,2022.6.8,92,서구 월평동,2022F29
152,최하윤,남,1973.2.27,유,유,유,사망,음주운전,2022.10.10,133,동구 삼성동,2022J64
153,조서진,남,1987.10.6,유,유,무,부상,신호위반,2022.12.19,115,동구 신인동,2022L2
154,곽지안,여,1980.1.1,유,유,무,부상,중앙선 침범,2022.1.3,90,유성구 전민동,2022A62
155,유민서,여,1974.11.5,유,유,무,사망,신호위반,2022.2.24,134,중구 은행선화동,2022B9
156,이지우,여,1963.8.11,유,유,무,부상,중앙선 침범,2022.3.18,102,대덕구 회덕동,2022C43
157,최채원,남,1996.7.31,유,유,유,부상,음주운전,2022.11.2,92,유성구 진잠동,2022K62
158,노하은,여,1996.1.25,유,유,무,부상,신호위반,2022.4.21,117,대덕구 석봉동,2022D10
159,이지후,남,1979.6.31,유,유,유,사망,음주운전,2022.2.30,134,유성구 노은동,2022B92
160,정선우,여,1969.10.20,유,유,무,사망,신호위반,2022.12.1,116,중구 오류동,2022L73
161,최하준,남,1984.9.5,유,유,유,부상,음주운전,2022.5.13,98,중구 은행선화동,2022Z11
162,육준서,남,1987.2.13,유,유,무,부상,과속,2022.3.4,93,중구 대흥동,2022C46
163,김서현,여,2002.6.22,유,유,무,부상,중앙선 침범,2022.9.30,98,동구 효동,2022I94
164,최서현,여,1976.6.24,유,유,유,부상,음주운전,2022.1.31,123,동구 삼성동,2022A45
165,한채원,남,1981.7.22,유,유,무,부상,중앙선 침범,2022.2.11,103,대덕구 법동,2022B86
166,황지후,남,1991.9.16,유,유,무,부상,중앙선 침범,2022.10.30,125,동구 삼성동,2022J92
167,정주호,여,1984.6.6,유,유,무,사망,과속,2022.7.19,137,중구 대사동,2022G74
168,곽하윤,남,1995.11.22,유,유,무,사망,과속,2022.9.3,138,유성구 진잠동,2022I89
169,이서준,남,1994.3.19,유,유,무,부상,과속,2022.3.23,105,중구 오류동,2022C43
170,최수정,남,1961.8.31,유,유,유,부상,음주운전,2022.7.4,98,서구 만년동,2022G40
171,최채원,남,1979.11.24,유,유,무,부상,신호위반,2022.4.15,123,동구 신인동,2022D24
172,성채은,남,1965.6.10,유,유,유,사망,음주운전,2022.3.7,134,동구 용운동,2022C99
173,성서연,남,1980.12.8,유,유,무,부상,중앙선 침범,2022.9.28,114,대덕구 회덕동,2022I71
174,김채원,남,1995.8.25,유,유,유,부상,음주운전,2022.2.16,126,대덕구 오정동,2022B17
175,정지유,여,2002.10.29,유,유,무,사망,과속,2022.3.13,131,서구 월평동,2022C71
176,곽하윤,여,1968.8.31,유,유,무,사망,중앙선 침범,2022.10.19,135,동구 신인동,2022J84
177,곽지원,남,1974.11.31,유,유,무,부상,신호위반,2022.6.20,119,대덕구 회덕동,2022F30
178,김준우,여,1966.5.24,유,유,무,사망,신호위반,2022.12.17,130,대덕구 법동,2022L98
179,성지민,여,1978.2.6,유,유,무,사망,신호위반,2022.2.3,137,서구 둔상동,2022B37
180,장준우,남,1984.12.27,유,유,무,부상,과속,2022.5.20,113,중구 대사동,2022Z61
181,장시우,남,1969.8.13,유,유,무,부상,중앙선 침범,2022.10.31,111,유성구 신성동,2022J32
182,박채은,남,1997.4.14,유,유,무,부상,과속,2022.7.22,101,대덕구 송촌동,2022G28
183,박지호,남,1962.5.26,유,유,유,부상,음주운전,2022.1.15,101,서구 월평동,2022A31
184,장수정,여,2000.3.2,유,유,유,사망,음주운전,2022.3.24,135,중구 목동,2022C50
185,정주호,여,1970.9.11,유,유,무,사망,신호위반,2022.8.24,138,중구 목동,2022H96
186,황수정,남,1986.6.12,유,유,무,사망,과속,2022.12.29,136,중구 대사동,2022L65
187,성준우,남,1963.3.30,유,유,무,부상,신호위반,2022.4.11,99,동구 용운동,2022D68
188,한도윤,여,1983.9.26,유,유,무,부상,중앙선 침범,2022.6.14,105,중구 대흥동,2022F19
189,곽지우,여,1971.2.2,유,유,무,사망,과속,2022.11.17,135,대덕구 송촌동,2022K46
190,한민서,남,1984.2.9,유,유,무,사망,중앙선 침범,2022.9.26,133,동구 신인동,2022I3
191,박민서,남,1992.4.31,유,유,무,부상,신호위반,2022.12.14,108,유성구 신성동,2022L78
192,황서연,여,1971.4.26,유,유,무,사망,신호위반,2022.12.22,132,서구 둔상동,2022L40
193,장채원,여,1975.5.3,유,유,무,사망,과속,2022.11.23,138,동구 삼성동,2022K86
194,육민준,남,1983.12.30,유,유,유,부상,음주운전,2022.8.27,114,중구 은행선화동,2022H50
195,김서준,남,1991.10.3,유,유,무,부상,중앙선 침범,2022.12.14,129,유성구 진잠동,2022L97
196,최시우,여,1960.12.29,유,유,무,부상,신호위반,2022.12.28,95,서구 도마동,2022L22
197,조하윤,여,2000.2.7,유,유,무,부상,신호위반,2022.11.5,95,중구 목동,2022K98
198,곽선우,여,1963.10.19,유,유,무,부상,중앙선 침범,2022.9.16,112,중구 대사동,2022I7
199,육서현,남,1965.5.11,유,유,무,부상,신호위반,2022.1.7,126,서구 갈마동,2022A94
200,이민서,남,1973.4.27,유,유,무,부상,중앙선 침범,2022.9.25,106,유성구 관평동,2022I91
201,이하은,여,1965.10.2,유,유,무,부상,신호위반,2022.5.5,112,중구 은행선화동,2022Z82
202,정지호,여,1960.1.23,유,유,무,부상,중앙선 침범,2022.1.20,102,동구 신인동,2022A11
203,노지안,남,1964.2.25,유,유,무,부상,신호위반,2022.11.20,110,중구 오류동,2022K63
204,성수정,남,1965.2.5,유,유,무,부상,과속,2022.6.3,119,유성구 관평동,2022F6
205,김준우,남,2002.7.20,유,유,무,사망,과속,2022.10.17,135,동구 삼성동,2022J55
206,박준서,여,1996.5.17,유,유,유,부상,음주운전,2022.4.25,111,유성구 노은동,2022D42
207,한서현,여,1976.7.2,유,유,유,부상,음주운전,2022.2.7,126,중구 목동,2022B35
208,최채원,남,1987.4.5,유,유,무,사망,신호위반,2022.1.7,136,서구 둔상동,2022A58
209,장서윤,여,1989.9.7,유,유,무,사망,과속,2022.8.21,137,동구 효동,2022H86
210,정연우,여,1969.5.29,유,유,무,부상,과속,2022.12.20,96,중구 목동,2022L10
211,노준우,남,1994.1.12,유,유,유,부상,음주운전,2022.6.19,128,중구 오류동,2022F87
212,노선우,남,1992.6.28,유,유,유,부상,음주운전,2022.1.21,115,서구 둔상동,2022A18
213,박도윤,여,1980.10.19,유,유,무,부상,신호위반,2022.1.26,126,유성구 전민동,2022A2
214,노예준,남,2001.2.31,유,유,무,부상,중앙선 침범,2022.8.24,102,동구 용운동,2022H93
215,곽연우,남,1977.11.29,유,유,유,부상,음주운전,2022.4.27,124,서구 월평동,2022D8
216,한지우,여,1986.10.24,유,유,무,사망,과속,2022.7.1,138,대덕구 석봉동,2022G56
217,장서진,남,1983.12.19,유,유,무,부상,신호위반,2022.3.6,126,대덕구 법동,2022C12
218,김채은,여,1993.5.13,유,유,무,부상,중앙선 침범,2022.11.30,90,유성구 신성동,2022K78
219,조채원,여,1980.7.31,유,유,유,부상,음주운전,2022.12.28,116,유성구 전민동,2022L18
220,한채은,남,1986.3.5,유,유,무,부상,중앙선 침범,2022.8.22,112,서구 만년동,2022H51
221,김시우,남,1974.1.1,유,유,유,사망,음주운전,2022.2.27,115,중구 목동,2022B34
222,육윤서,남,1980.3.25,유,유,무,부상,중앙선 침범,2022.8.12,126,서구 도마동,2022H42
223,김지유,여,1977.11.31,유,유,유,부상,음주운전,2022.4.23,128,서구 도마동,2022D45
224,노시우,여,1989.5.19,유,유,유,부상,음주운전,2022.8.25,103,동구 삼성동,2022H76
225,유민서,남,1972.9.26,유,유,무,부상,신호위반,2022.6.21,118,중구 은행선화동,2022F11
226,장도윤,남,1998.3.27,유,유,무,부상,중앙선 침범,2022.5.12,122,동구 자양동,2022Z13
227,박지유,남,1993.9.8,유,유,유,사망,음주운전,2022.4.8,132,서구 월평동,2022D76
228,황서연,남,1984.4.7,유,유,무,부상,신호위반,2022.3.17,115,유성구 전민동,2022C71
229,곽주호,남,1960.3.7,유,유,무,부상,신호위반,2022.8.24,102,동구 신인동,2022H15
230,황서진,남,1995.8.3,유,유,유,부상,음주운전,2022.6.14,126,대덕구 회덕동,2022F51
231,유수정,여,1970.5.25,유,유,유,사망,음주운전,2022.3.28,130,중구 목동,2022C82
232,곽지민,남,1990.8.9,유,유,무,부상,중앙선 침범,2022.7.11,120,동구 용운동,2022G60
233,장서연,여,1992.8.11,유,유,무,부상,과속,2022.8.29,129,동구 자양동,2022H68
234,박시우,여,1980.7.23,유,유,무,부상,신호위반,2022.1.2,112,동구 효동,2022A24
235,성시우,여,1982.12.17,유,유,무,부상,중앙선 침범,2022.12.17,103,유성구 전민동,2022L2
236,육하은,여,1978.9.16,유,유,무,부상,과속,2022.6.20,93,동구 용운동,2022F28
237,조수정,남,1994.7.25,유,유,무,부상,중앙선 침범,2022.7.22,120,유성구 전민동,2022G24
238,한지민,남,1976.5.18,유,유,무,부상,중앙선 침범,2022.7.15,95,중구 은행선화동,2022G8
239,정주원,여,1988.2.14,유,유,무,사망,과속,2022.7.2,139,중구 오류동,2022G41
240,박지호,남,1993.11.10,유,유,무,부상,과속,2022.1.9,94,서구 월평동,2022A48
241,황선우,남,1991.6.26,유,유,무,부상,과속,2022.10.28,96,유성구 관평동,2022J5
242,유지안,여,1995.1.31,유,유,무,부상,과속,2022.3.18,123,중구 대흥동,2022C23
243,유지안,남,1962.9.19,유,유,무,사망,과속,2022.7.30,137,대덕구 법동,2022G51
244,곽하준,남,1966.4.31,유,유,유,사망,음주운전,2022.8.1,111,동구 삼성동,2022H87
245,황하은,여,1960.9.21,유,유,무,부상,중앙선 침범,2022.3.22,110,동구 자양동,2022C24
246,성하은,여,1992.10.25,유,유,무,부상,신호위반,2022.9.10,126,중구 오류동,2022I39
247,한서준,남,1991.9.4,유,유,무,부상,과속,2022.2.7,118,유성구 신성동,2022B30
248,최준서,여,1999.4.5,유,유,무,사망,중앙선 침범,2022.3.1,135,대덕구 석봉동,2022C6
249,노준서,남,1989.7.8,유,유,무,부상,중앙선 침범,2022.11.4,113,서구 갈마동,2022K48
250,이윤서,남,1969.8.29,유,유,무,사망,중앙선 침범,2022.10.4,130,동구 자양동,2022J93
251,정서연,남,1964.2.19,유,유,유,부상,음주운전,2022.7.8,93,동구 신인동,2022G88
252,정서진,남,1976.1.12,유,유,유,사망,음주운전,2022.1.29,138,동구 용운동,2022A47
253,성선우,여,1976.3.23,유,유,유,부상,음주운전,2022.5.15,106,서구 만년동,2022Z28
254,최민서,남,1999.6.21,유,유,무,사망,중앙선 침범,2022.6.3,124,동구 자양동,2022F38
255,장주호,여,1976.10.6,유,유,무,부상,과속,2022.5.7,101,유성구 전민동,2022Z35
256,성연우,여,1990.1.19,유,유,무,부상,중앙선 침범,2022.6.17,92,대덕구 석봉동,2022F56
257,이주호,여,1966.5.18,유,유,유,부상,음주운전,2022.11.26,99,대덕구 석봉동,2022K8
258,곽준우,여,1985.4.20,유,유,유,부상,음주운전,2022.7.17,118,대덕구 오정동,2022G60
259,성채원,남,1964.5.17,유,유,무,사망,신호위반,2022.8.14,132,서구 갈마동,2022H61
260,곽선우,남,1971.3.12,유,유,무,사망,중앙선 침범,2022.12.14,103,중구 목동,2022L50
261,곽지호,여,1987.10.4,유,유,유,부상,음주운전,2022.3.5,93,동구 자양동,2022C14
262,곽서연,남,1987.1.8,유,유,무,부상,중앙선 침범,2022.9.19,90,서구 도마동,2022I85
263,유서준,남,1980.9.16,유,유,유,부상,음주운전,2022.1.21,127,중구 은행선화동,2022A22
264,한민준,여,1977.4.9,유,유,무,부상,중앙선 침범,2022.10.6,112,유성구 관평동,2022J7
265,황윤서,남,1996.7.17,유,유,무,부상,중앙선 침범,2022.7.8,117,동구 효동,2022G76
266,박민준,남,1983.7.27,유,유,유,부상,음주운전,2022.7.14,114,동구 자양동,2022G27
267,유채원,여,1985.9.31,유,유,무,부상,중앙선 침범,2022.1.5,111,대덕구 법동,2022A71
268,조민서,남,1999.5.21,유,유,무,부상,중앙선 침범,2022.1.28,120,유성구 관평동,2022A26
269,황선우,여,1983.7.24,유,유,무,부상,신호위반,2022.9.18,109,동구 삼성동,2022I45
270,이민준,남,1999.3.9,유,유,무,부상,과속,2022.10.10,105,중구 은행선화동,2022J79
271,유채은,남,1996.3.15,유,유,유,부상,음주운전,2022.11.3,107,유성구 노은동,2022K32
272,김준우,남,1999.5.25,유,유,무,부상,과속,2022.9.8,122,유성구 진잠동,2022I83
273,김지호,남,1972.11.17,유,유,무,부상,중앙선 침범,2022.11.16,95,중구 오류동,2022K30
274,박하윤,남,1981.4.5,유,유,무,부상,과속,2022.7.11,93,대덕구 석봉동,2022G17
275,이주원,남,1981.7.11,유,유,유,부상,음주운전,2022.9.30,92,중구 은행선화동,2022I14
276,장지원,여,1982.11.24,유,유,유,부상,음주운전,2022.4.15,127,유성구 진잠동,2022D96
277,한지원,남,1986.6.23,유,유,무,부상,과속,2022.11.8,95,동구 삼성동,2022K70
278,정서연,남,1996.10.20,유,유,무,부상,과속,2022.2.7,107,서구 도마동,2022B42
279,노지유,여,1966.5.21,유,유,무,부상,과속,2022.4.23,108,중구 목동,2022D37
280,곽도윤,남,1995.2.7,유,유,유,부상,음주운전,2022.9.12,100,동구 효동,2022I30
281,황서윤,여,1965.10.13,유,유,무,부상,과속,2022.11.31,120,중구 목동,2022K5
282,성지우,여,1960.1.11,유,유,유,부상,음주운전,2022.5.5,122,중구 목동,2022Z52
283,이예준,남,1998.2.3,유,유,유,부상,음주운전,2022.6.29,103,중구 은행선화동,2022F40
284,유서현,여,1987.8.24,유,유,무,부상,신호위반,2022.7.26,108,동구 자양동,2022G42
285,한민준,남,1980.12.22,유,유,무,부상,중앙선 침범,2022.4.13,113,동구 삼성동,2022D71
286,최지안,여,1994.6.20,유,유,무,부상,신호위반,2022.3.1,93,동구 신인동,2022C50
287,노채원,여,1973.1.31,유,유,무,부상,중앙선 침범,2022.12.29,95,서구 월평동,2022L5
288,조서연,여,1969.6.21,유,유,무,부상,신호위반,2022.6.15,128,중구 오류동,2022F31
289,최준우,남,1978.10.4,유,유,무,부상,과속,2022.5.14,113,동구 용운동,2022Z79
290,한지원,남,1967.3.25,유,유,무,부상,신호위반,2022.9.18,129,동구 신인동,2022I26
291,성서현,남,1993.5.15,유,유,무,부상,신호위반,2022.4.9,117,대덕구 석봉동,2022D63
292,정하준,여,1988.3.25,유,유,무,부상,신호위반,2022.8.29,120,유성구 전민동,2022H32
293,정준서,남,2001.9.15,유,유,유,사망,음주운전,2022.11.3,137,동구 용운동,2022K86
294,유하윤,남,1983.7.10,유,유,무,부상,과속,2022.9.7,127,대덕구 석봉동,2022I50
295,한지우,여,1989.12.22,유,유,무,부상,중앙선 침범,2022.4.1,91,서구 도마동,2022D72
296,노수정,남,1987.6.15,유,유,무,부상,신호위반,2022.6.23,107,대덕구 법동,2022F4
297,노서연,남,1993.9.11,유,유,무,부상,신호위반,2022.3.17,98,유성구 신성동,2022C91
298,육민서,여,1989.10.13,유,유,유,부상,음주운전,2022.6.10,95,서구 만년동,2022F49
299,최도윤,여,1984.10.11,유,유,무,부상,중앙선 침범,2022.10.31,113,대덕구 회덕동,2022J16
300,박지우,남,1967.8.7,유,유,무,부상,과속,2022.4.14,105,중구 목동,2022D38
301,최지안,여,1994.12.27,유,유,유,부상,음주운전,2022.6.26,128,유성구 신성동,2022F77
302,이지후,남,1997.9.18,유,유,무,부상,중앙선 침범,2022.8.30,121,중구 목동,2022H71
303,정지원,남,2000.7.1,유,유,무,사망,과속,2022.12.23,132,동구 신인동,2022L61
304,박준우,여,1976.3.20,유,유,무,사망,중앙선 침범,2022.3.4,135,동구 자양동,2022C75
305,곽준우,남,1988.7.29,유,유,유,부상,음주운전,2022.11.30,97,서구 만년동,2022K69
306,박민준,남,1972.3.29,유,유,무,부상,과속,2022.12.23,104,중구 대사동,2022L51
307,정지호,남,1977.11.12,유,유,무,부상,신호위반,2022.4.9,128,동구 자양동,2022D28
308,장지유,여,1992.1.11,유,유,무,부상,중앙선 침범,2022.11.8,104,동구 자양동,2022K55
309,황하준,남,1962.4.24,유,유,무,사망,신호위반,2022.1.2,90,대덕구 법동,2022A22
310,이서연,남,1971.9.22,유,유,무,사망,중앙선 침범,2022.1.5,132,유성구 노은동,2022A64
311,유서윤,남,1971.9.4,유,유,무,부상,중앙선 침범,2022.11.25,91,유성구 진잠동,2022K67
312,박지민,남,1962.12.23,유,유,무,부상,과속,2022.10.22,100,유성구 전민동,2022J51
313,곽예준,여,2000.5.30,유,유,무,부상,과속,2022.6.5,96,서구 월평동,2022F63
314,성채원,여,1980.2.5,유,유,유,부상,음주운전,2022.7.17,97,대덕구 법동,2022G14
315,조선우,남,1999.10.11,유,유,무,부상,과속,2022.4.22,111,중구 목동,2022D59
316,황지우,남,1980.8.29,유,유,무,부상,신호위반,2022.8.10,110,유성구 신성동,2022H64
317,노서준,여,1961.7.20,유,유,유,부상,음주운전,2022.3.25,105,동구 신인동,2022C95
318,한지원,여,1979.7.19,유,유,무,부상,신호위반,2022.4.7,99,유성구 전민동,2022D89
319,정주호,남,1987.9.20,유,유,유,사망,음주운전,2022.12.21,138,대덕구 법동,2022L47
320,황준서,남,1972.1.3,유,유,무,사망,중앙선 침범,2022.6.24,132,서구 월평동,2022F57
321,육준서,남,1984.10.4,유,유,무,부상,중앙선 침범,2022.10.5,128,대덕구 오정동,2022J32
322,황지안,여,1975.4.13,유,유,무,부상,중앙선 침범,2022.11.19,97,대덕구 오정동,2022K38
323,노서현,남,1993.7.28,유,유,유,사망,음주운전,2022.8.12,122,동구 삼성동,2022H75
324,장지후,여,1989.10.17,유,유,무,부상,과속,2022.5.8,108,중구 목동,2022Z7
325,곽지우,남,1962.2.15,유,유,무,사망,신호위반,2022.10.24,139,대덕구 석봉동,2022J73
326,조준서,남,1968.2.14,유,유,무,부상,신호위반,2022.6.1,101,서구 월평동,2022F30
327,유민서,남,1961.12.31,유,유,무,사망,신호위반,2022.1.1,132,중구 오류동,2022A39
328,박서준,여,1972.2.23,유,유,무,부상,중앙선 침범,2022.9.1,117,서구 갈마동,2022I74
329,최주호,남,1961.12.24,유,유,무,사망,신호위반,2022.4.5,130,대덕구 오정동,2022D67
330,노서준,남,1973.9.8,유,유,무,부상,신호위반,2022.3.10,101,동구 용운동,2022C98
331,최지우,남,1962.1.12,유,유,무,부상,중앙선 침범,2022.4.16,91,대덕구 오정동,2022D49
332,노선우,여,1989.3.4,유,유,무,부상,신호위반,2022.11.28,100,대덕구 회덕동,2022K99
333,이서준,남,1981.6.19,유,유,유,사망,음주운전,2022.8.1,135,서구 만년동,2022H72
334,성주호,남,2002.7.10,유,유,무,부상,신호위반,2022.4.3,112,서구 만년동,2022D14
335,곽시우,남,1985.9.8,유,유,무,부상,중앙선 침범,2022.4.15,120,대덕구 법동,2022D46
336,노지호,남,1965.11.29,유,유,유,부상,음주운전,2022.11.28,91,중구 오류동,2022K77
337,육서진,남,1991.5.31,유,유,무,부상,신호위반,2022.3.10,110,동구 자양동,2022C68
338,최지호,남,1964.4.6,유,유,유,사망,음주운전,2022.12.16,107,유성구 전민동,2022L43
339,한지민,남,1994.1.12,유,유,무,부상,신호위반,2022.5.13,106,대덕구 석봉동,2022Z34
340,한서윤,남,1998.5.15,유,유,무,부상,중앙선 침범,2022.7.26,98,서구 월평동,2022G77
341,성윤서,남,2002.7.3,유,유,무,사망,신호위반,2022.5.31,139,서구 도마동,2022Z96
342,육도윤,남,1997.10.1,유,유,무,사망,과속,2022.11.7,133,유성구 관평동,2022K86
343,김하준,여,1988.8.28,유,유,유,부상,음주운전,2022.4.15,123,유성구 노은동,2022D40
344,정시우,여,1975.4.20,유,유,무,부상,중앙선 침범,2022.1.11,128,동구 자양동,2022A28
345,조연우,여,1960.7.5,유,유,유,부상,음주운전,2022.7.30,118,대덕구 송촌동,2022G1
346,유채원,남,2000.5.12,유,유,무,부상,중앙선 침범,2022.8.24,125,서구 둔상동,2022H33
347,곽예준,여,1978.2.25,유,유,유,사망,음주운전,2022.1.4,98,서구 만년동,2022A50
348,노주호,남,1977.6.11,유,유,무,부상,중앙선 침범,2022.3.13,108,중구 오류동,2022C66
349,한지안,여,1967.1.1,유,유,무,부상,중앙선 침범,2022.4.15,103,중구 은행선화동,2022D66
350,유채은,여,1979.12.11,유,유,무,부상,과속,2022.10.4,115,동구 자양동,2022J30
351,이준서,남,1975.5.6,유,유,무,사망,과속,2022.6.23,117,서구 만년동,2022F43
352,최선우,남,1988.1.23,유,유,무,부상,신호위반,2022.7.24,97,서구 월평동,2022G75
353,김준서,여,2002.4.17,유,유,무,부상,중앙선 침범,2022.3.23,114,동구 용운동,2022C59
354,성채원,남,1965.9.14,유,유,유,부상,음주운전,2022.8.17,128,대덕구 송촌동,2022H86
355,황도윤,여,1968.4.5,유,유,무,사망,과속,2022.8.26,131,동구 용운동,2022H43
356,조지안,여,1993.3.10,유,유,무,사망,신호위반,2022.4.18,139,유성구 신성동,2022D92
357,황주호,남,1978.7.3,유,유,무,부상,신호위반,2022.6.24,117,대덕구 회덕동,2022F27
358,이지원,남,1960.1.24,유,유,무,부상,중앙선 침범,2022.11.10,117,중구 대사동,2022K84
359,한민서,남,2001.8.17,유,유,무,부상,신호위반,2022.10.25,118,대덕구 석봉동,2022J62
360,성하준,남,1985.11.22,유,유,유,사망,음주운전,2022.3.13,134,대덕구 석봉동,2022C94
361,정서현,남,1965.10.28,유,유,무,부상,중앙선 침범,2022.6.18,103,대덕구 법동,2022F32
362,노채은,여,1980.2.9,유,유,무,사망,신호위반,2022.8.22,138,서구 월평동,2022H96
363,노연우,여,1969.7.8,유,유,무,부상,중앙선 침범,2022.3.17,101,유성구 진잠동,2022C80
364,박준서,여,1964.2.13,유,유,무,사망,중앙선 침범,2022.6.22,134,서구 둔상동,2022F51
365,최하은,남,2001.3.21,유,유,무,사망,중앙선 침범,2022.9.11,132,대덕구 법동,2022I99
366,최지안,남,1979.7.29,유,유,유,부상,음주운전,2022.5.3,102,동구 효동,2022Z26
367,장시우,여,1967.11.3,유,유,무,부상,과속,2022.1.20,106,동구 삼성동,2022A80
368,박연우,여,1969.3.20,유,유,무,사망,과속,2022.9.12,136,대덕구 석봉동,2022I28
369,노연우,남,1962.6.11,유,유,무,부상,과속,2022.12.10,108,중구 은행선화동,2022L22
370,조지안,여,1973.11.3,유,유,무,부상,신호위반,2022.10.21,119,유성구 전민동,2022J53
371,노시우,남,1989.6.21,유,유,유,부상,음주운전,2022.2.21,122,유성구 전민동,2022B76
372,황지우,여,1996.2.27,유,유,무,사망,과속,2022.1.13,130,대덕구 송촌동,2022A59
373,김지우,남,1980.12.7,유,유,유,부상,음주운전,2022.10.6,90,서구 갈마동,2022J18
374,김지호,남,1991.9.29,유,유,무,사망,중앙선 침범,2022.5.16,135,유성구 노은동,2022Z24
375,조윤서,남,1996.6.30,유,유,유,부상,음주운전,2022.11.1,114,유성구 신성동,2022K29
376,조하윤,여,1969.4.10,유,유,무,사망,과속,2022.6.10,135,동구 삼성동,2022F61
377,성서윤,여,1968.9.26,유,유,유,부상,음주운전,2022.4.8,119,대덕구 회덕동,2022D41
378,성하은,여,1961.9.16,유,유,무,부상,중앙선 침범,2022.10.13,91,유성구 진잠동,2022J51
379,최채원,여,2000.8.2,유,유,무,부상,중앙선 침범,2022.8.22,92,대덕구 오정동,2022H50
380,곽서연,여,2000.6.7,유,유,무,사망,중앙선 침범,2022.1.29,139,서구 월평동,2022A62
381,이하준,여,1993.6.17,유,유,유,부상,음주운전,2022.2.11,111,대덕구 법동,2022B80
382,김도윤,여,1967.10.17,유,유,무,부상,중앙선 침범,2022.7.22,104,서구 만년동,2022G58
383,곽주호,남,1989.4.28,유,유,유,사망,음주운전,2022.6.8,139,중구 대사동,2022F49
384,한민준,남,1960.3.1,유,유,유,부상,음주운전,2022.4.16,108,중구 목동,2022D72
385,정주호,여,1976.11.3,유,유,무,부상,과속,2022.9.1,108,서구 갈마동,2022I9
386,육서윤,여,1968.2.20,유,유,무,부상,과속,2022.10.7,124,중구 대사동,2022J21
387,곽주원,여,1973.3.15,유,유,무,부상,중앙선 침범,2022.3.13,95,서구 만년동,2022C58
388,정지후,여,1977.5.23,유,유,무,부상,과속,2022.9.1,108,중구 대사동,2022I82
389,한지후,남,1983.8.30,유,유,무,부상,신호위반,2022.4.30,90,동구 효동,2022D47
390,성지후,남,1961.12.18,유,유,유,부상,음주운전,2022.10.19,106,유성구 노은동,2022J99
391,정하은,여,1973.12.10,유,유,유,부상,음주운전,2022.1.31,113,동구 용운동,2022A93
392,유지호,남,1996.4.2,유,유,유,부상,음주운전,2022.5.13,93,서구 둔상동,2022Z58
393,곽채은,남,2001.7.20,유,유,무,부상,신호위반,2022.9.4,118,대덕구 송촌동,2022I73
394,유민준,남,1978.2.10,유,유,무,사망,신호위반,2022.9.12,130,대덕구 오정동,2022I69
395,최서진,남,1962.7.11,유,유,무,부상,과속,2022.4.8,104,중구 목동,2022D13
396,육민서,남,1985.5.23,유,유,무,사망,중앙선 침범,2022.8.26,135,중구 오류동,2022H98
397,한하윤,남,1990.5.9,유,유,무,부상,과속,2022.12.11,100,중구 대흥동,2022L92
398,김선우,여,1976.6.21,유,유,무,사망,중앙선 침범,2022.7.17,136,서구 월평동,2022G87
399,유서준,여,1966.4.21,유,유,무,부상,신호위반,2022.11.23,95,대덕구 법동,2022K54
400,김민준,여,1987.1.16,유,유,무,사망,중앙선 침범,2022.2.6,139,중구 목동,2022B45
401,박서진,남,1987.6.3,유,유,무,부상,과속,2022.5.12,126,동구 용운동,2022Z9
402,육지원,여,1985.1.17,유,유,무,부상,과속,2022.5.8,126,동구 용운동,2022Z16
403,박주원,여,1960.2.11,유,유,무,사망,신호위반,2022.1.19,136,대덕구 오정동,2022A63
404,성하준,남,1979.4.9,유,유,무,부상,과속,2022.3.28,120,대덕구 송촌동,2022C26
405,성하윤,남,1992.7.19,유,유,무,부상,중앙선 침범,2022.8.3,108,유성구 관평동,2022H72
406,노선우,여,1989.1.1,유,유,무,부상,신호위반,2022.5.14,105,중구 대흥동,2022Z29
407,한주원,여,1984.4.11,유,유,무,부상,과속,2022.9.3,117,대덕구 석봉동,2022I5
408,황채은,여,1977.8.10,유,유,무,부상,신호위반,2022.10.26,117,서구 도마동,2022J11
409,한서진,남,1993.7.7,유,유,무,부상,중앙선 침범,2022.1.13,103,대덕구 오정동,2022A76
410,정민서,여,1968.7.21,유,유,무,사망,과속,2022.8.6,131,유성구 전민동,2022H81
411,노하준,여,1974.9.30,유,유,무,부상,중앙선 침범,2022.9.13,95,중구 대흥동,2022I93
412,장채은,남,1971.2.4,유,유,유,부상,음주운전,2022.1.16,110,대덕구 회덕동,2022A23
413,노채원,여,1994.5.21,유,유,무,부상,중앙선 침범,2022.8.22,124,동구 삼성동,2022H28
414,장시우,남,1971.7.14,유,유,유,사망,음주운전,2022.1.31,134,서구 만년동,2022A78
415,육연우,여,1960.2.30,유,유,무,사망,신호위반,2022.7.30,131,서구 둔상동,2022G63
416,곽수정,남,1976.10.31,유,유,무,부상,중앙선 침범,2022.11.13,113,중구 목동,2022K17
417,유윤서,여,1975.9.4,유,유,유,부상,음주운전,2022.8.17,97,동구 자양동,2022H95
418,곽민준,여,1982.3.16,유,유,무,부상,신호위반,2022.5.6,112,중구 대흥동,2022Z8
419,한주호,남,1978.12.6,유,유,무,부상,중앙선 침범,2022.10.25,106,대덕구 오정동,2022J88
420,이도윤,여,2001.7.8,유,유,유,부상,음주운전,2022.7.31,114,중구 대사동,2022G35
421,성민준,남,1961.8.13,유,유,무,부상,신호위반,2022.2.23,91,동구 신인동,2022B78
422,노서준,남,1989.9.29,유,유,무,부상,중앙선 침범,2022.10.25,126,서구 도마동,2022J64
423,박서윤,남,1981.3.26,유,유,무,사망,과속,2022.5.16,123,중구 은행선화동,2022Z93
424,장서현,남,1991.9.9,유,유,무,부상,과속,2022.12.15,121,중구 대흥동,2022L83
425,황하은,남,1992.1.12,유,유,무,사망,과속,2022.11.3,131,중구 오류동,2022K6
426,박도윤,여,1982.2.24,유,유,무,부상,중앙선 침범,2022.7.10,125,동구 삼성동,2022G59
427,장도윤,남,1985.5.18,유,유,유,부상,음주운전,2022.6.16,114,대덕구 법동,2022F39
428,이서준,여,2001.1.27,유,유,유,부상,음주운전,2022.9.29,111,중구 오류동,2022I43
429,황도윤,여,1998.11.23,유,유,무,부상,신호위반,2022.4.14,112,서구 만년동,2022D57
430,장서현,여,1999.8.7,유,유,유,부상,음주운전,2022.8.2,129,유성구 진잠동,2022H85
431,한예준,여,1989.8.13,유,유,유,사망,음주운전,2022.5.13,135,서구 도마동,2022Z13
432,조준서,여,1980.7.20,유,유,유,부상,음주운전,2022.9.15,109,동구 용운동,2022I7
433,김서연,여,1987.10.26,유,유,무,사망,신호위반,2022.4.12,130,대덕구 석봉동,2022D76
434,육지안,남,1986.11.18,유,유,유,부상,음주운전,2022.11.7,105,대덕구 법동,2022K17
435,박예준,남,1988.7.8,유,유,유,부상,음주운전,2022.11.13,125,유성구 전민동,2022K13
436,이준서,여,1962.3.30,유,유,무,사망,중앙선 침범,2022.11.17,111,서구 월평동,2022K18
437,성서연,여,1994.1.2,유,유,무,부상,중앙선 침범,2022.2.8,108,동구 용운동,2022B18
438,최민준,여,1985.5.12,유,유,유,부상,음주운전,2022.4.25,96,대덕구 회덕동,2022D46
439,노민서,여,1985.8.25,유,유,무,부상,신호위반,2022.1.22,121,중구 오류동,2022A67
440,정준서,여,1976.9.21,유,유,무,사망,신호위반,2022.6.17,131,중구 은행선화동,2022F59
441,노서연,여,1974.10.22,유,유,무,부상,신호위반,2022.1.22,116,유성구 관평동,2022A11
442,최민준,남,1985.6.12,유,유,무,사망,과속,2022.2.8,134,서구 도마동,2022B44
443,황연우,남,1986.5.16,유,유,유,부상,음주운전,2022.1.22,92,중구 오류동,2022A27
444,이민준,남,1989.12.13,유,유,무,부상,신호위반,2022.6.28,93,유성구 노은동,2022F55
445,박지안,남,1962.3.21,유,유,무,부상,중앙선 침범,2022.2.14,104,대덕구 오정동,2022B65
446,최연우,남,1984.5.25,유,유,무,부상,과속,2022.9.25,108,유성구 관평동,2022I84
447,조윤서,남,1997.4.6,유,유,무,부상,중앙선 침범,2022.12.28,112,대덕구 석봉동,2022L2
448,곽준서,남,1997.5.24,유,유,무,부상,과속,2022.10.12,99,유성구 신성동,2022J7
449,조서연,남,2000.6.27,유,유,유,부상,음주운전,2022.11.28,99,동구 효동,2022K7
450,김윤서,여,1978.9.6,유,유,유,부상,음주운전,2022.1.13,119,서구 도마동,2022A80
451,정하은,여,1981.6.7,유,유,무,부상,중앙선 침범,2022.10.28,101,서구 월평동,2022J93
452,성서윤,남,1996.8.26,유,유,무,사망,중앙선 침범,2022.3.30,136,서구 갈마동,2022C23
453,이민준,남,1990.7.26,유,유,무,부상,중앙선 침범,2022.4.2,115,동구 삼성동,2022D50
454,곽윤서,남,1997.7.22,유,유,무,부상,신호위반,2022.8.4,122,대덕구 송촌동,2022H41
455,곽지후,남,1968.12.25,유,유,무,부상,과속,2022.2.22,114,대덕구 오정동,2022B61
456,황서윤,여,1980.8.9,유,유,유,부상,음주운전,2022.9.27,100,서구 만년동,2022I88
457,장주호,여,1970.7.10,유,유,무,부상,신호위반,2022.6.14,94,대덕구 송촌동,2022F89
458,최지후,여,1988.8.19,유,유,무,부상,중앙선 침범,2022.1.13,92,서구 둔상동,2022A58
459,육채원,여,1960.7.21,유,유,무,부상,중앙선 침범,2022.1.18,92,동구 삼성동,2022A40
460,성예준,여,1982.9.29,유,유,무,부상,과속,2022.3.25,91,대덕구 법동,2022C75
461,성지민,여,1989.6.16,유,유,무,부상,과속,2022.6.7,101,대덕구 법동,2022F18
462,최주호,남,1970.4.16,유,유,무,부상,중앙선 침범,2022.1.16,112,중구 대흥동,2022A98
463,조지안,여,1986.9.28,유,유,무,부상,신호위반,2022.10.17,106,서구 월평동,2022J49
464,유지호,여,2000.3.31,유,유,무,부상,신호위반,2022.12.28,99,대덕구 법동,2022L82
465,장준우,남,2000.10.23,유,유,무,부상,과속,2022.4.10,95,중구 오류동,2022D72
466,정수정,남,1985.11.2,유,유,유,부상,음주운전,2022.12.3,129,중구 대흥동,2022L76
467,박준우,남,1960.3.16,유,유,무,부상,과속,2022.2.4,126,중구 대흥동,2022B31
468,노민준,남,1971.9.6,유,유,무,사망,과속,2022.11.29,103,중구 은행선화동,2022K52
469,김지후,여,1998.3.8,유,유,무,부상,중앙선 침범,2022.2.24,120,유성구 전민동,2022B28
470,육서연,남,1975.1.12,유,유,무,부상,신호위반,2022.4.4,94,대덕구 오정동,2022D80
471,최채은,여,1988.10.4,유,유,무,사망,신호위반,2022.12.12,133,서구 월평동,2022L30
472,황예준,남,1978.9.27,유,유,무,부상,과속,2022.6.18,104,중구 목동,2022F79
473,박지우,여,1996.10.26,유,유,무,부상,신호위반,2022.5.14,106,유성구 신성동,2022Z96
474,황지후,여,1982.8.31,유,유,무,부상,과속,2022.12.11,103,서구 둔상동,2022L96
475,장주호,여,1982.11.29,유,유,무,부상,과속,2022.4.2,124,유성구 진잠동,2022D27
476,이하윤,여,1972.11.25,유,유,무,사망,중앙선 침범,2022.4.9,138,대덕구 회덕동,2022D82
477,한민서,남,1983.12.6,유,유,무,사망,중앙선 침범,2022.8.3,131,대덕구 석봉동,2022H65
478,한지호,여,1980.12.20,유,유,무,부상,중앙선 침범,2022.9.17,109,동구 신인동,2022I26
479,박주원,남,1998.4.8,유,유,유,사망,음주운전,2022.6.11,138,중구 대사동,2022F10
480,박채은,여,1973.3.10,유,유,무,부상,과속,2022.4.21,96,중구 목동,2022D57
481,정하윤,여,1960.7.17,유,유,무,부상,신호위반,2022.2.11,110,유성구 진잠동,2022B34
482,유서연,남,1998.3.15,유,유,무,부상,중앙선 침범,2022.1.5,128,중구 은행선화동,2022A3
483,성서윤,남,1984.5.17,유,유,무,사망,신호위반,2022.2.5,133,중구 은행선화동,2022B61
484,육서준,남,1966.9.10,유,유,유,부상,음주운전,2022.3.7,112,중구 대흥동,2022C78
485,박선우,남,1973.2.2,유,유,무,부상,중앙선 침범,2022.12.22,121,동구 용운동,2022L77
486,최도윤,남,1969.5.13,유,유,무,부상,신호위반,2022.6.22,117,중구 대사동,2022F79
487,한하은,여,1986.9.10,유,유,무,부상,과속,2022.4.18,94,대덕구 법동,2022D9
488,성지안,여,1966.5.29,유,유,무,부상,과속,2022.7.15,106,서구 도마동,2022G51
489,곽도윤,남,1993.6.30,유,유,유,부상,음주운전,2022.4.17,116,동구 효동,2022D68
490,유준우,남,1964.5.19,유,유,무,부상,중앙선 침범,2022.1.29,114,대덕구 석봉동,2022A67
491,정선우,여,1969.3.13,유,유,무,부상,과속,2022.5.27,109,동구 용운동,2022Z27
492,노지후,남,1987.4.13,유,유,유,부상,음주운전,2022.5.24,93,중구 목동,2022Z74
493,정서준,남,1981.8.11,유,유,무,부상,과속,2022.3.16,99,서구 월평동,2022C89
494,정지민,여,2000.2.23,유,유,무,부상,과속,2022.6.18,120,동구 효동,2022F76
495,최준서,여,1975.2.17,유,유,유,부상,음주운전,2022.2.22,92,중구 대흥동,2022B23
496,이지호,여,1989.11.31,유,유,유,사망,음주운전,2022.9.11,136,서구 갈마동,2022I83
497,최서윤,남,2001.5.27,유,유,유,부상,음주운전,2022.5.25,126,유성구 노은동,2022Z53
498,육서현,여,1976.7.23,유,유,무,부상,신호위반,2022.2.22,103,동구 자양동,2022B40
499,황민서,남,1971.10.6,유,유,무,사망,중앙선 침범,2022.11.20,137,대덕구 석봉동,2022K98
500,최서윤,남,1985.4.5,유,유,무,부상,신호위반,2022.2.8,90,유성구 전민동,2022B86
501,유하준,여,1961.11.7,유,유,무,부상,과속,2022.1.28,121,중구 목동,2022A1
502,김하윤,남,1980.7.2,유,유,무,부상,과속,2022.8.11,123,서구 둔상동,2022H11
503,이서준,여,1990.5.27,유,유,유,사망,음주운전,2022.9.20,139,유성구 신성동,2022I30
504,조연우,남,1981.2.2,유,유,유,부상,음주운전,2022.4.28,98,중구 목동,2022D35
505,한서윤,여,1970.9.21,유,유,무,부상,중앙선 침범,2022.2.20,126,동구 삼성동,2022B81
506,이하준,남,1998.6.29,유,유,무,부상,신호위반,2022.2.3,93,중구 대사동,2022B72
507,박민서,남,1973.7.1,유,유,무,부상,중앙선 침범,2022.8.29,97,유성구 진잠동,2022H20
508,박수정,여,1984.1.25,유,유,유,부상,음주운전,2022.2.25,127,중구 목동,2022B4
509,한윤서,남,1983.11.8,유,유,무,부상,과속,2022.5.11,108,대덕구 송촌동,2022Z39
510,이서준,남,1988.8.10,유,유,무,부상,신호위반,2022.9.23,92,대덕구 법동,2022I35
511,유지민,여,1992.1.21,유,유,무,사망,신호위반,2022.8.15,104,중구 대사동,2022H45
512,육서연,여,1962.6.26,유,유,유,부상,음주운전,2022.7.8,90,중구 목동,2022G85
513,한지안,남,1974.12.3,유,유,무,부상,중앙선 침범,2022.11.17,120,중구 목동,2022K69
514,장하준,여,1972.6.31,유,유,유,부상,음주운전,2022.7.4,92,중구 대흥동,2022G18
515,이지우,남,1973.2.26,유,유,무,부상,신호위반,2022.12.26,96,유성구 노은동,2022L18
516,이서진,여,1973.12.10,유,유,무,부상,신호위반,2022.10.14,105,대덕구 회덕동,2022J59
517,김지유,여,1982.2.10,유,유,무,부상,과속,2022.7.16,102,대덕구 석봉동,2022G4
518,이서연,남,1974.5.10,유,유,유,부상,음주운전,2022.2.27,98,대덕구 법동,2022B59
519,장윤서,남,1960.12.26,유,유,유,부상,음주운전,2022.1.27,99,동구 신인동,2022A91
520,박예준,여,1962.10.25,유,유,무,부상,과속,2022.4.29,91,중구 목동,2022D23
521,한지원,남,1984.1.18,유,유,무,사망,과속,2022.1.3,107,동구 용운동,2022A88
522,박서준,남,1969.4.19,유,유,무,부상,중앙선 침범,2022.8.3,110,중구 대흥동,2022H37
523,박지호,여,1975.4.9,유,유,무,사망,중앙선 침범,2022.4.6,98,서구 월평동,2022D34
524,노지후,여,1960.1.25,유,유,유,사망,음주운전,2022.6.18,116,서구 갈마동,2022F1
525,한주원,남,1974.3.8,유,유,무,사망,과속,2022.2.29,136,동구 용운동,2022B50
526,김시우,남,2000.3.15,유,유,무,사망,중앙선 침범,2022.2.11,138,동구 삼성동,2022B81
527,이민서,여,1963.9.1,유,유,무,사망,중앙선 침범,2022.12.9,139,동구 신인동,2022L25
528,한서연,남,1982.7.11,유,유,무,부상,중앙선 침범,2022.5.27,114,동구 효동,2022Z2
529,이선우,여,1991.6.27,유,유,유,부상,음주운전,2022.5.28,121,유성구 전민동,2022Z29
530,이주호,남,1963.12.6,유,유,유,부상,음주운전,2022.1.21,98,중구 은행선화동,2022A2
531,곽주호,여,1961.9.1,유,유,무,부상,중앙선 침범,2022.8.28,103,중구 대흥동,2022H5
532,조하윤,남,1981.7.10,유,유,유,부상,음주운전,2022.5.22,115,대덕구 송촌동,2022Z63
533,육채원,남,1999.3.28,유,유,무,부상,신호위반,2022.8.27,105,동구 삼성동,2022H63
534,육지유,남,1968.12.28,유,유,무,부상,중앙선 침범,2022.7.15,100,서구 도마동,2022G38
535,황지원,여,1985.6.30,유,유,무,부상,중앙선 침범,2022.2.25,101,중구 은행선화동,2022B39
536,한민준,남,2002.12.20,유,유,무,부상,과속,2022.6.2,115,동구 신인동,2022F87
537,조서연,여,1974.2.1,유,유,유,부상,음주운전,2022.9.21,90,유성구 노은동,2022I65
538,이서연,남,1970.11.4,유,유,무,사망,과속,2022.8.12,131,중구 목동,2022H81
539,김하준,여,1988.1.31,유,유,무,사망,중앙선 침범,2022.2.8,139,서구 갈마동,2022B86
540,이지민,여,1968.3.13,유,유,무,사망,중앙선 침범,2022.2.2,139,서구 월평동,2022B86
541,이주원,여,1968.5.10,유,유,무,사망,신호위반,2022.10.7,133,동구 삼성동,2022J80
542,황하윤,여,1973.1.8,유,유,무,사망,중앙선 침범,2022.12.22,133,동구 신인동,2022L94
543,곽하은,남,1963.2.29,유,유,유,부상,음주운전,2022.10.3,108,대덕구 오정동,2022J68
544,한지후,여,1963.11.9,유,유,유,부상,음주운전,2022.4.3,97,유성구 노은동,2022D56
545,김채원,여,1971.7.3,유,유,무,사망,신호위반,2022.9.10,136,서구 도마동,2022I57
546,황주호,남,1999.6.30,유,유,무,부상,신호위반,2022.8.26,114,서구 둔상동,2022H47
547,조서진,남,1970.11.24,유,유,무,부상,과속,2022.2.31,107,대덕구 석봉동,2022B88
548,노지유,남,1972.3.2,유,유,무,부상,신호위반,2022.10.14,116,중구 목동,2022J53
549,박민준,여,1972.1.25,유,유,유,부상,음주운전,2022.1.4,122,서구 만년동,2022A3
550,장서연,여,1984.4.30,유,유,유,부상,음주운전,2022.1.23,107,동구 삼성동,2022A5
551,조하준,남,2001.12.15,유,유,무,사망,과속,2022.1.13,134,중구 목동,2022A37
552,정주원,여,1964.1.12,유,유,유,부상,음주운전,2022.12.23,118,대덕구 오정동,2022L31
553,조윤서,여,1992.1.20,유,유,무,사망,신호위반,2022.6.10,90,동구 효동,2022F74
554,유지유,여,1971.4.13,유,유,무,부상,중앙선 침범,2022.11.27,95,대덕구 오정동,2022K29
555,정서준,남,1974.6.12,유,유,유,부상,음주운전,2022.6.22,115,서구 도마동,2022F98
556,조지우,여,1961.12.21,유,유,무,사망,신호위반,2022.9.29,101,대덕구 법동,2022I98
557,곽지안,여,1965.4.3,유,유,무,부상,중앙선 침범,2022.5.14,109,유성구 전민동,2022Z13
558,조지원,여,1983.2.10,유,유,무,부상,중앙선 침범,2022.1.2,106,유성구 전민동,2022A73
559,노채은,남,1970.12.25,유,유,유,부상,음주운전,2022.9.11,121,동구 효동,2022I1
560,장민준,여,1960.11.30,유,유,무,부상,과속,2022.12.17,124,중구 은행선화동,2022L20
561,최주호,여,1985.7.10,유,유,무,사망,과속,2022.4.5,129,유성구 신성동,2022D7
562,황채원,남,1980.6.12,유,유,무,부상,중앙선 침범,2022.7.4,119,대덕구 법동,2022G4
563,곽윤서,남,1967.3.17,유,유,무,부상,과속,2022.9.17,118,중구 대사동,2022I60
564,곽지민,남,1995.2.13,유,유,유,부상,음주운전,2022.7.2,92,동구 용운동,2022G16
565,이예준,남,1985.5.12,유,유,무,사망,신호위반,2022.7.5,138,동구 효동,2022G80
566,박민서,남,2000.4.24,유,유,무,부상,신호위반,2022.9.16,126,대덕구 송촌동,2022I82
567,한서현,남,1990.1.15,유,유,유,부상,음주운전,2022.6.29,90,유성구 노은동,2022F55
568,김채원,여,1968.1.25,유,유,유,사망,음주운전,2022.8.31,130,동구 신인동,2022H43
569,이서준,남,1982.4.28,유,유,무,부상,중앙선 침범,2022.1.4,123,유성구 진잠동,2022A64
570,유민서,여,1997.9.31,유,유,무,부상,신호위반,2022.5.1,105,동구 신인동,2022Z96
571,노주원,여,1984.11.8,유,유,유,부상,음주운전,2022.12.11,124,유성구 노은동,2022L22
572,조주호,여,1988.12.22,유,유,무,부상,신호위반,2022.1.11,128,대덕구 오정동,2022A7
573,정서준,남,1988.8.30,유,유,무,부상,과속,2022.11.14,115,동구 삼성동,2022K39
574,이선우,남,1986.6.1,유,유,무,부상,중앙선 침범,2022.6.18,100,대덕구 석봉동,2022F62
575,김서연,여,1968.4.18,유,유,무,부상,과속,2022.2.1,97,유성구 진잠동,2022B35
576,노지안,여,2001.5.18,유,유,무,사망,과속,2022.1.13,135,동구 신인동,2022A48
577,정선우,남,1976.5.21,유,유,무,사망,과속,2022.7.30,139,유성구 진잠동,2022G67
578,이선우,남,1980.8.11,유,유,무,사망,중앙선 침범,2022.1.15,139,동구 용운동,2022A43
579,노서연,남,1983.4.5,유,유,무,부상,신호위반,2022.6.7,126,동구 삼성동,2022F5
580,유민준,여,1970.3.18,유,유,무,부상,신호위반,2022.12.1,94,중구 은행선화동,2022L90
581,곽하준,남,1996.12.30,유,유,무,부상,중앙선 침범,2022.3.13,100,대덕구 송촌동,2022C98
582,김지호,여,1973.1.13,유,유,유,부상,음주운전,2022.5.26,95,중구 오류동,2022Z72
583,최예준,남,1989.10.10,유,유,무,부상,신호위반,2022.5.22,122,유성구 전민동,2022Z14
584,정주호,남,1960.2.28,유,유,유,부상,음주운전,2022.4.30,122,유성구 진잠동,2022D9
585,정주호,여,1999.2.18,유,유,무,부상,신호위반,2022.6.2,118,유성구 진잠동,2022F8
586,유서윤,여,1980.12.6,유,유,무,부상,중앙선 침범,2022.10.15,125,대덕구 오정동,2022J60
587,김지유,남,1973.10.23,유,유,무,부상,과속,2022.2.6,99,중구 대흥동,2022B76
588,박서윤,남,1976.11.30,유,유,무,부상,중앙선 침범,2022.5.8,114,중구 대사동,2022Z69
589,육윤서,여,1964.11.4,유,유,무,부상,중앙선 침범,2022.7.27,106,유성구 노은동,2022G78
590,노준서,남,1975.5.23,유,유,무,부상,과속,2022.12.24,113,서구 도마동,2022L47
591,장주호,남,1975.1.2,유,유,무,부상,신호위반,2022.10.24,119,서구 갈마동,2022J36
592,조하준,남,1971.1.12,유,유,무,부상,과속,2022.5.31,124,유성구 진잠동,2022Z33
593,김지유,남,1998.1.4,유,유,무,사망,과속,2022.3.24,130,대덕구 석봉동,2022C43
594,최서연,여,1985.4.7,유,유,무,사망,과속,2022.10.14,139,동구 삼성동,2022J74
595,김지호,여,1962.4.4,유,유,무,부상,과속,2022.1.12,107,대덕구 석봉동,2022A55
596,노지민,남,2001.4.7,유,유,무,부상,과속,2022.12.7,98,서구 둔상동,2022L87
597,박준서,남,1981.12.19,유,유,유,부상,음주운전,2022.8.22,113,유성구 노은동,2022H98
598,이서연,남,1973.10.25,유,유,무,사망,과속,2022.6.20,139,유성구 진잠동,2022F16
599,정연우,남,1972.12.5,유,유,무,부상,과속,2022.8.3,94,유성구 전민동,2022H77
600,김지민,남,2000.11.22,유,유,무,부상,과속,2022.1.12,107,대덕구 오정동,2022A51
601,황지안,남,1998.9.28,유,유,무,부상,중앙선 침범,2022.7.11,90,유성구 노은동,2022G93
602,박하윤,남,1993.6.8,유,유,무,부상,중앙선 침범,2022.9.25,115,유성구 전민동,2022I62
603,박지안,남,1992.2.9,유,유,무,부상,중앙선 침범,2022.7.1,117,동구 효동,2022G2
604,김지안,남,1969.11.4,유,유,무,사망,신호위반,2022.4.7,136,중구 은행선화동,2022D3
605,육지후,여,1965.9.20,유,유,무,사망,신호위반,2022.7.20,133,동구 삼성동,2022G52
606,김예준,남,1964.11.8,유,유,무,사망,과속,2022.11.24,125,동구 효동,2022K2
607,최준우,여,1988.1.15,유,유,무,부상,중앙선 침범,2022.9.4,105,동구 신인동,2022I60
608,황지후,남,1996.10.31,유,유,유,사망,음주운전,2022.5.22,137,대덕구 송촌동,2022Z52
609,노도윤,남,1980.6.14,유,유,무,부상,과속,2022.8.5,101,동구 신인동,2022H81
610,황하준,남,1980.12.9,유,유,무,부상,신호위반,2022.8.14,114,서구 갈마동,2022H85
611,육민서,여,1980.1.4,유,유,무,부상,중앙선 침범,2022.5.7,97,중구 대흥동,2022Z90
612,황윤서,남,1997.5.15,유,유,무,사망,중앙선 침범,2022.1.18,137,유성구 진잠동,2022A23
613,노수정,여,1968.10.10,유,유,무,사망,과속,2022.1.18,137,동구 효동,2022A12
614,육지원,여,2002.2.30,유,유,유,부상,음주운전,2022.12.1,106,서구 만년동,2022L5
615,정서윤,남,1987.11.1,유,유,무,부상,중앙선 침범,2022.7.28,124,동구 용운동,2022G11
616,한선우,여,1986.8.26,유,유,무,부상,중앙선 침범,2022.9.5,129,서구 도마동,2022I97
617,유서진,여,1995.5.14,유,유,무,부상,중앙선 침범,2022.3.8,97,유성구 진잠동,2022C95
618,육하준,남,1981.3.5,유,유,유,부상,음주운전,2022.11.22,100,유성구 노은동,2022K71
619,육윤서,여,1960.6.14,유,유,무,부상,신호위반,2022.9.23,101,중구 대사동,2022I98
620,육준서,여,1983.2.14,유,유,무,사망,중앙선 침범,2022.12.31,102,중구 오류동,2022L20
621,육선우,남,2000.10.18,유,유,무,부상,과속,2022.7.1,95,동구 신인동,2022G23
622,한수정,여,1972.11.5,유,유,유,부상,음주운전,2022.9.26,112,동구 효동,2022I39
623,김서진,여,1968.11.27,유,유,무,부상,중앙선 침범,2022.1.9,126,대덕구 회덕동,2022A67
624,김하은,남,1964.10.28,유,유,무,사망,과속,2022.3.16,130,서구 월평동,2022C38
625,유시우,여,1977.5.13,유,유,무,부상,과속,2022.4.18,113,중구 은행선화동,2022D47
626,곽지호,여,1999.5.20,유,유,유,부상,음주운전,2022.6.9,103,유성구 관평동,2022F55
627,정지안,여,1970.12.25,유,유,유,사망,음주운전,2022.12.5,133,유성구 신성동,2022L60
628,이채원,남,1988.10.6,유,유,무,부상,신호위반,2022.12.18,100,유성구 노은동,2022L55
629,성수정,여,1965.4.17,유,유,무,부상,중앙선 침범,2022.10.9,123,유성구 진잠동,2022J87
630,성도윤,여,1990.3.29,유,유,무,부상,과속,2022.11.31,95,중구 대흥동,2022K37
631,한서진,여,1972.8.12,유,유,유,사망,음주운전,2022.8.7,130,동구 신인동,2022H81
632,김도윤,여,1985.8.11,유,유,무,부상,신호위반,2022.10.26,117,서구 만년동,2022J48
633,한지호,여,1995.7.29,유,유,유,부상,음주운전,2022.8.2,128,중구 목동,2022H53
634,유윤서,남,1990.2.16,유,유,무,부상,신호위반,2022.6.15,112,동구 효동,2022F86
635,노민준,여,1987.9.21,유,유,무,부상,중앙선 침범,2022.6.9,100,동구 효동,2022F20
636,성선우,남,1981.9.28,유,유,유,사망,음주운전,2022.9.4,114,대덕구 석봉동,2022I83
637,조서진,남,1981.3.4,유,유,무,부상,중앙선 침범,2022.11.6,125,서구 월평동,2022K6
638,육지우,남,1963.5.23,유,유,무,부상,신호위반,2022.12.25,129,중구 오류동,2022L24
639,황서준,남,1997.5.18,유,유,유,부상,음주운전,2022.1.18,92,유성구 노은동,2022A72
640,이채원,남,1975.8.17,유,유,유,사망,음주운전,2022.9.6,133,중구 은행선화동,2022I40
641,성지안,남,1981.9.21,유,유,유,사망,음주운전,2022.4.19,135,동구 자양동,2022D14
642,최지우,여,1997.6.26,유,유,유,부상,음주운전,2022.9.17,99,서구 둔상동,2022I39
643,장서현,남,1983.4.27,유,유,무,부상,중앙선 침범,2022.7.4,121,중구 대사동,2022G88
644,최서연,여,2001.2.24,유,유,무,사망,과속,2022.12.1,94,동구 용운동,2022L87
645,김지후,여,1989.8.22,유,유,무,사망,중앙선 침범,2022.3.15,132,동구 자양동,2022C80
646,김채원,여,1986.5.17,유,유,무,부상,신호위반,2022.12.27,115,중구 목동,2022L63
647,한채은,남,1992.9.28,유,유,무,부상,신호위반,2022.9.5,100,유성구 전민동,2022I37
648,조윤서,여,1965.9.22,유,유,무,사망,과속,2022.9.30,97,중구 목동,2022I47
649,장준서,여,1995.12.4,유,유,유,부상,음주운전,2022.10.9,96,서구 갈마동,2022J80
650,성지민,남,1989.9.25,유,유,유,부상,음주운전,2022.2.18,112,대덕구 법동,2022B77
651,이서진,남,1981.7.31,유,유,무,부상,신호위반,2022.10.27,113,유성구 관평동,2022J98
652,한지민,여,1978.8.26,유,유,무,부상,신호위반,2022.4.14,125,대덕구 법동,2022D9
653,곽주호,여,1979.4.20,유,유,유,부상,음주운전,2022.12.29,117,중구 대흥동,2022L38
654,육민준,여,1990.5.13,유,유,유,사망,음주운전,2022.8.26,137,유성구 진잠동,2022H87
655,황지안,여,1979.12.3,유,유,무,부상,신호위반,2022.6.15,113,중구 대흥동,2022F68
656,최지호,여,1993.4.16,유,유,유,부상,음주운전,2022.9.17,122,대덕구 오정동,2022I76
657,김지원,남,1962.9.17,유,유,무,부상,중앙선 침범,2022.6.19,122,동구 신인동,2022F11
658,유시우,여,1984.3.6,유,유,무,부상,중앙선 침범,2022.5.27,129,서구 만년동,2022Z47
659,조지유,남,1995.4.22,유,유,무,부상,과속,2022.11.2,107,중구 대사동,2022K11
660,김주원,남,1987.4.12,유,유,무,사망,신호위반,2022.2.2,130,서구 둔상동,2022B21
661,황윤서,남,1968.12.30,유,유,유,사망,음주운전,2022.12.26,130,서구 만년동,2022L8
662,곽지유,남,1985.6.11,유,유,무,부상,과속,2022.3.26,124,서구 만년동,2022C62
663,박지유,남,1960.12.19,유,유,무,사망,과속,2022.10.22,138,중구 대흥동,2022J37
664,한지호,남,1964.2.5,유,유,무,부상,과속,2022.6.22,117,서구 갈마동,2022F70
665,장선우,남,1993.5.15,유,유,무,부상,과속,2022.9.8,92,대덕구 회덕동,2022I84
666,황도윤,남,1972.4.18,유,유,유,부상,음주운전,2022.9.14,97,유성구 전민동,2022I59
667,성주원,여,1978.3.28,유,유,유,부상,음주운전,2022.4.16,110,서구 월평동,2022D31
668,한서진,여,1988.11.7,유,유,유,사망,음주운전,2022.1.13,126,유성구 진잠동,2022A84
669,박시우,남,1968.12.10,유,유,무,부상,중앙선 침범,2022.8.29,122,중구 대사동,2022H26
670,정시우,남,1990.1.5,유,유,무,부상,신호위반,2022.6.14,114,동구 신인동,2022F38
671,육하준,남,1994.4.29,유,유,무,부상,과속,2022.1.12,90,동구 효동,2022A70
672,조선우,여,1992.5.22,유,유,유,부상,음주운전,2022.10.9,93,유성구 노은동,2022J1
673,장시우,남,1994.12.17,유,유,무,부상,중앙선 침범,2022.5.6,101,동구 용운동,2022Z86
674,한서진,남,1976.3.2,유,유,무,부상,과속,2022.5.21,128,대덕구 오정동,2022Z83
675,성서준,여,1978.7.25,유,유,무,사망,중앙선 침범,2022.10.26,138,중구 대흥동,2022J42
676,성채원,남,1988.12.11,유,유,무,부상,신호위반,2022.12.6,95,동구 신인동,2022L94
677,유서윤,남,1997.5.16,유,유,유,부상,음주운전,2022.7.7,98,중구 오류동,2022G26
678,유지안,여,1965.10.23,유,유,무,부상,중앙선 침범,2022.7.22,102,대덕구 오정동,2022G75
679,한채원,여,1967.12.26,유,유,무,부상,중앙선 침범,2022.3.15,110,중구 대사동,2022C46
680,정준우,여,1974.7.24,유,유,무,부상,과속,2022.4.14,101,서구 만년동,2022D26
681,성연우,여,1995.10.27,유,유,유,사망,음주운전,2022.10.28,137,유성구 신성동,2022J11
682,조서연,남,1990.8.30,유,유,무,부상,중앙선 침범,2022.9.18,95,동구 효동,2022I82
683,최선우,여,1978.6.19,유,유,무,부상,신호위반,2022.3.24,118,중구 대흥동,2022C73
684,황지원,남,1990.4.24,유,유,무,부상,신호위반,2022.2.5,114,중구 대사동,2022B89
685,조서윤,남,1971.10.1,유,유,무,부상,과속,2022.1.7,120,동구 신인동,2022A31
686,성예준,여,2000.6.6,유,유,유,부상,음주운전,2022.2.24,125,대덕구 법동,2022B18
687,육지호,남,1976.7.13,유,유,무,사망,과속,2022.10.9,133,동구 신인동,2022J69
688,조준우,남,1964.10.19,유,유,유,부상,음주운전,2022.10.12,107,서구 만년동,2022J65
689,박선우,여,1988.9.22,유,유,유,부상,음주운전,2022.10.21,95,유성구 관평동,2022J82
690,박서윤,여,1983.3.23,유,유,유,부상,음주운전,2022.10.20,91,서구 둔상동,2022J43
691,장연우,남,1996.11.25,유,유,무,부상,과속,2022.2.3,106,유성구 노은동,2022B11
692,황서윤,여,1972.1.15,유,유,무,부상,신호위반,2022.1.11,127,서구 만년동,2022A4
693,성지안,남,1969.3.2,유,유,무,부상,신호위반,2022.10.1,108,서구 둔상동,2022J66
694,박준서,여,1988.6.9,유,유,유,부상,음주운전,2022.1.9,127,유성구 관평동,2022A60
695,곽민준,여,1975.5.30,유,유,무,부상,과속,2022.12.10,111,유성구 노은동,2022L70
696,성주호,남,1968.12.29,유,유,무,부상,신호위반,2022.9.6,96,중구 은행선화동,2022I88
697,육선우,남,1992.4.6,유,유,무,부상,과속,2022.3.17,114,중구 오류동,2022C85
698,유하은,여,1987.10.14,유,유,무,사망,신호위반,2022.10.22,133,동구 용운동,2022J5
699,황하윤,여,1963.6.14,유,유,무,부상,과속,2022.2.7,113,동구 자양동,2022B96
700,곽지원,남,1974.9.3,유,유,무,부상,과속,2022.11.7,127,서구 도마동,2022K62
701,한지민,남,1994.2.26,유,유,무,부상,신호위반,2022.8.15,97,유성구 전민동,2022H3
702,이준서,여,1988.9.2,유,유,무,부상,중앙선 침범,2022.5.10,92,동구 신인동,2022Z53
703,조하은,여,1963.4.30,유,유,무,사망,과속,2022.7.4,134,서구 월평동,2022G94
704,성윤서,남,1972.11.22,유,유,유,사망,음주운전,2022.7.24,108,서구 도마동,2022G38
705,장지후,남,1970.4.5,유,유,무,사망,과속,2022.2.1,138,서구 둔상동,2022B92
706,조서연,남,1991.3.15,유,유,무,부상,중앙선 침범,2022.12.10,117,유성구 노은동,2022L26
707,육서윤,여,1973.4.22,유,유,무,사망,과속,2022.7.10,135,서구 둔상동,2022G44
708,박서연,여,1988.7.24,유,유,무,사망,신호위반,2022.7.25,131,유성구 신성동,2022G62
709,정하준,여,2001.7.20,유,유,무,부상,과속,2022.9.25,92,유성구 관평동,2022I77
710,최연우,여,1988.1.3,유,유,유,사망,음주운전,2022.8.21,132,유성구 신성동,2022H18
711,이서진,남,1966.5.28,유,유,유,사망,음주운전,2022.7.7,134,서구 둔상동,2022G42
712,최지유,여,2001.10.27,유,유,무,사망,신호위반,2022.8.16,138,유성구 관평동,2022H17
713,이지우,여,1971.1.1,유,유,무,사망,과속,2022.10.18,135,대덕구 법동,2022J92
714,정선우,여,1969.10.8,유,유,무,부상,중앙선 침범,2022.7.10,118,동구 신인동,2022G71
715,이선우,남,1990.2.13,유,유,유,사망,음주운전,2022.7.24,132,서구 갈마동,2022G8
716,성민서,남,1983.5.6,유,유,무,부상,중앙선 침범,2022.5.14,93,중구 은행선화동,2022Z84
717,성연우,여,1986.2.27,유,유,무,부상,중앙선 침범,2022.1.3,101,중구 대흥동,2022A63
718,김채은,남,1965.4.8,유,유,무,부상,중앙선 침범,2022.4.14,120,서구 둔상동,2022D61
719,최서진,여,1998.5.6,유,유,무,부상,과속,2022.7.31,99,유성구 노은동,2022G65
720,노민서,남,1998.6.3,유,유,유,부상,음주운전,2022.1.24,104,중구 대흥동,2022A75
721,김수정,여,1979.11.21,유,유,무,부상,중앙선 침범,2022.10.24,117,중구 대흥동,2022J37
722,유준우,남,1969.1.11,유,유,유,부상,음주운전,2022.2.2,114,대덕구 회덕동,2022B99
723,정하준,남,2001.5.9,유,유,무,부상,중앙선 침범,2022.12.20,104,서구 둔상동,2022L7
724,정윤서,남,1980.12.1,유,유,무,사망,신호위반,2022.12.4,134,서구 갈마동,2022L2
725,최하은,남,1988.10.17,유,유,무,부상,과속,2022.2.29,104,동구 자양동,2022B29
726,유예준,남,1995.9.13,유,유,무,사망,신호위반,2022.8.3,137,유성구 노은동,2022H4
727,이지우,남,1990.3.20,유,유,무,부상,과속,2022.1.3,128,서구 도마동,2022A89
728,박지원,남,1994.11.16,유,유,유,사망,음주운전,2022.7.25,136,서구 만년동,2022G2
729,조하준,남,2002.6.17,유,유,무,사망,과속,2022.7.18,114,유성구 신성동,2022G19
730,최준우,남,1968.2.18,유,유,유,부상,음주운전,2022.3.5,96,서구 월평동,2022C30
731,성주호,여,1997.9.14,유,유,유,부상,음주운전,2022.12.2,92,중구 은행선화동,2022L17
732,박윤서,여,2002.2.30,유,유,무,부상,중앙선 침범,2022.12.22,92,서구 둔상동,2022L68
733,조도윤,여,1975.5.17,유,유,무,부상,중앙선 침범,2022.8.27,124,동구 삼성동,2022H60
734,김지후,여,1997.4.15,유,유,무,부상,신호위반,2022.7.17,129,동구 용운동,2022G39
735,한지호,남,1990.1.2,유,유,무,부상,중앙선 침범,2022.7.12,125,동구 삼성동,2022G43
736,김시우,여,1977.9.13,유,유,유,사망,음주운전,2022.8.9,132,대덕구 회덕동,2022H32
737,장도윤,여,1980.5.5,유,유,무,부상,과속,2022.3.30,97,서구 도마동,2022C66
738,노준우,남,1966.6.23,유,유,무,부상,중앙선 침범,2022.6.4,98,유성구 진잠동,2022F67
739,김서연,여,1965.12.5,유,유,무,부상,과속,2022.1.29,123,대덕구 회덕동,2022A40
740,최채은,여,1981.12.31,유,유,무,부상,신호위반,2022.3.1,100,동구 자양동,2022C36
741,육하은,남,1982.6.15,유,유,무,부상,과속,2022.11.18,99,중구 대흥동,2022K53
742,최선우,여,1977.8.18,유,유,무,사망,과속,2022.1.9,91,동구 삼성동,2022A82
743,한서현,남,2001.10.3,유,유,무,사망,중앙선 침범,2022.1.11,126,대덕구 회덕동,2022A70
744,박지우,남,1998.2.18,유,유,무,사망,중앙선 침범,2022.1.16,111,중구 오류동,2022A21
745,장채원,남,1996.12.24,유,유,무,부상,신호위반,2022.8.11,97,유성구 노은동,2022H87
746,성지민,남,1997.5.26,유,유,무,사망,중앙선 침범,2022.11.27,132,대덕구 오정동,2022K35
747,한채은,여,1993.9.8,유,유,무,부상,신호위반,2022.1.27,124,서구 만년동,2022A67
748,정하준,여,1987.5.30,유,유,무,사망,중앙선 침범,2022.8.3,133,동구 효동,2022H49
749,장서진,남,1977.9.30,유,유,무,부상,신호위반,2022.11.16,107,대덕구 법동,2022K33
750,한서진,여,1965.12.5,유,유,무,부상,신호위반,2022.8.3,115,서구 둔상동,2022H22
751,곽하은,여,1960.4.3,유,유,무,부상,신호위반,2022.1.24,102,동구 신인동,2022A66
752,김지후,여,1977.7.27,유,유,무,사망,신호위반,2022.1.9,139,대덕구 회덕동,2022A17
753,장지후,남,1991.3.26,유,유,유,부상,음주운전,2022.10.9,120,중구 대흥동,2022J84
754,조시우,남,1978.1.30,유,유,무,사망,중앙선 침범,2022.10.27,120,유성구 진잠동,2022J93
755,최지안,여,1960.3.15,유,유,무,부상,신호위반,2022.11.22,95,유성구 전민동,2022K91
756,박채원,여,1992.10.22,유,유,무,부상,과속,2022.2.3,121,서구 갈마동,2022B48
757,박서진,남,1998.3.18,유,유,무,사망,과속,2022.11.20,134,중구 은행선화동,2022K49
758,박윤서,여,1964.5.18,유,유,무,부상,신호위반,2022.2.6,103,대덕구 오정동,2022B76
759,이서윤,여,1995.7.26,유,유,무,부상,중앙선 침범,2022.10.4,120,동구 신인동,2022J79
760,김지후,남,1990.1.30,유,유,유,사망,음주운전,2022.3.6,131,유성구 노은동,2022C1
761,박채원,여,1968.9.13,유,유,무,부상,과속,2022.7.18,128,유성구 전민동,2022G47
762,황지유,남,1986.3.9,유,유,무,부상,중앙선 침범,2022.5.11,125,중구 오류동,2022Z78
763,이민서,남,1983.11.22,유,유,무,부상,과속,2022.2.31,104,중구 목동,2022B41
764,육민준,남,1981.6.1,유,유,유,부상,음주운전,2022.2.17,111,서구 도마동,2022B70
765,노지호,남,1982.3.4,유,유,무,사망,중앙선 침범,2022.11.26,96,서구 월평동,2022K80
766,한지호,남,1975.11.22,유,유,무,부상,과속,2022.6.29,108,대덕구 법동,2022F23
767,조지원,여,1974.7.4,유,유,무,부상,과속,2022.3.2,116,유성구 신성동,2022C99
768,정민서,남,1987.9.25,유,유,유,부상,음주운전,2022.3.11,123,유성구 노은동,2022C17
769,노지호,남,1987.2.15,유,유,유,부상,음주운전,2022.10.25,97,유성구 전민동,2022J32
770,한선우,남,1961.9.29,유,유,무,사망,중앙선 침범,2022.7.5,132,유성구 진잠동,2022G65
771,육수정,남,1987.5.11,유,유,무,부상,신호위반,2022.6.30,111,동구 자양동,2022F57
772,박지민,남,1999.2.18,유,유,무,부상,신호위반,2022.5.29,90,동구 용운동,2022Z82
773,조연우,여,1975.3.15,유,유,무,사망,과속,2022.4.26,97,동구 용운동,2022D13
774,조지후,여,1963.7.1,유,유,무,부상,중앙선 침범,2022.3.30,100,대덕구 오정동,2022C3
775,정윤서,남,1975.3.14,유,유,무,부상,중앙선 침범,2022.2.16,106,대덕구 법동,2022B47
776,노서연,여,1986.6.1,유,유,유,사망,음주운전,2022.9.3,122,중구 대사동,2022I83
777,최하윤,남,1979.7.18,유,유,유,부상,음주운전,2022.5.15,108,중구 목동,2022Z42
778,최준서,남,1988.11.31,유,유,유,부상,음주운전,2022.5.30,96,유성구 진잠동,2022Z46
779,유서준,남,1965.10.30,유,유,무,사망,과속,2022.2.15,134,동구 신인동,2022B20
780,이수정,여,1968.11.9,유,유,무,부상,과속,2022.12.16,98,대덕구 법동,2022L16
781,박지유,여,1989.4.28,유,유,무,부상,중앙선 침범,2022.12.18,107,유성구 신성동,2022L9
782,박윤서,남,2001.7.1,유,유,무,부상,과속,2022.7.29,94,서구 갈마동,2022G32
783,곽지민,여,1990.8.1,유,유,유,부상,음주운전,2022.10.26,90,중구 은행선화동,2022J84
784,육서현,남,1995.3.8,유,유,무,부상,중앙선 침범,2022.11.28,128,중구 대흥동,2022K90
785,곽채원,남,1978.5.18,유,유,무,부상,신호위반,2022.3.30,93,서구 만년동,2022C46
786,박민준,남,1966.5.31,유,유,무,부상,신호위반,2022.1.17,95,동구 신인동,2022A58
787,장연우,남,1983.2.3,유,유,무,부상,중앙선 침범,2022.9.30,107,동구 삼성동,2022I89
788,유지호,남,1985.4.5,유,유,무,부상,과속,2022.10.7,100,유성구 진잠동,2022J75
789,이지후,여,1981.12.17,유,유,무,사망,과속,2022.10.17,137,유성구 전민동,2022J74
790,육준우,남,1984.9.23,유,유,유,부상,음주운전,2022.8.19,93,중구 대사동,2022H20
791,이준우,여,1969.9.30,유,유,무,부상,중앙선 침범,2022.11.30,129,동구 삼성동,2022K88
792,박하준,여,1993.1.18,유,유,유,부상,음주운전,2022.8.7,121,대덕구 송촌동,2022H89
793,한지호,남,1974.8.5,유,유,무,부상,과속,2022.7.26,126,중구 은행선화동,2022G8
794,정하은,남,1963.2.8,유,유,유,사망,음주운전,2022.3.31,133,서구 둔상동,2022C52
795,최하준,남,1978.12.16,유,유,무,부상,과속,2022.6.23,120,서구 둔상동,2022F67
796,장민준,남,1972.12.30,유,유,유,사망,음주운전,2022.7.30,139,서구 만년동,2022G81
797,정지호,여,1984.6.22,유,유,무,부상,과속,2022.5.10,113,대덕구 회덕동,2022Z19
798,장예준,남,1999.10.11,유,유,무,부상,과속,2022.5.10,128,대덕구 오정동,2022Z77
799,유서현,여,1971.9.3,유,유,유,부상,음주운전,2022.11.18,119,서구 둔상동,2022K52
800,성지민,여,1972.11.20,유,유,유,부상,음주운전,2022.12.30,127,유성구 노은동,2022L58
801,최도윤,여,1986.3.18,유,유,무,부상,신호위반,2022.3.5,92,유성구 진잠동,2022C15
802,김서윤,여,2000.3.19,유,유,무,부상,과속,2022.5.17,96,대덕구 회덕동,2022Z84
803,황민서,여,1974.5.4,유,유,무,부상,과속,2022.9.14,103,중구 대사동,2022I3
804,유서연,여,1995.4.1,유,유,무,부상,중앙선 침범,2022.12.11,111,대덕구 오정동,2022L95
805,이예준,남,2002.3.13,유,유,무,부상,신호위반,2022.4.21,114,대덕구 석봉동,2022D83
806,노채원,남,1971.3.21,유,유,무,부상,중앙선 침범,2022.5.2,125,대덕구 오정동,2022Z69
807,김채원,남,1978.11.15,유,유,무,부상,신호위반,2022.7.5,97,중구 오류동,2022G55
808,장윤서,남,1977.4.5,유,유,무,부상,과속,2022.4.2,101,중구 목동,2022D99
809,이준우,여,2000.9.26,유,유,무,부상,신호위반,2022.10.29,120,대덕구 송촌동,2022J45
810,육하은,여,1995.4.1,유,유,무,부상,중앙선 침범,2022.3.11,129,유성구 관평동,2022C71
811,곽서진,여,1966.6.2,유,유,무,사망,과속,2022.2.16,135,대덕구 법동,2022B24
812,박주원,남,1993.7.12,유,유,무,부상,신호위반,2022.5.26,100,대덕구 송촌동,2022Z54
813,정선우,여,1985.3.1,유,유,무,사망,과속,2022.2.24,137,서구 갈마동,2022B62
814,노서준,남,1972.7.30,유,유,유,사망,음주운전,2022.5.12,126,중구 대사동,2022Z5
815,조지유,여,2000.9.31,유,유,무,부상,중앙선 침범,2022.5.15,94,대덕구 송촌동,2022Z88
816,정지우,여,1967.6.20,유,유,무,부상,신호위반,2022.10.15,126,대덕구 법동,2022J48
817,이하은,남,1964.7.7,유,유,유,부상,음주운전,2022.1.10,99,유성구 노은동,2022A53
818,조지호,남,1999.4.29,유,유,무,사망,과속,2022.2.6,120,유성구 노은동,2022B54
819,곽주호,여,1970.4.12,유,유,유,부상,음주운전,2022.12.11,124,유성구 전민동,2022L30
820,이하은,여,1975.10.12,유,유,무,부상,신호위반,2022.5.3,91,대덕구 송촌동,2022Z65
821,노민서,남,1989.9.19,유,유,유,사망,음주운전,2022.7.14,138,중구 오류동,2022G22
822,김민서,여,1972.1.7,유,유,무,사망,과속,2022.5.19,132,대덕구 회덕동,2022Z84
823,김지호,여,1975.6.26,유,유,유,부상,음주운전,2022.11.11,112,대덕구 오정동,2022K99
824,최선우,여,1995.10.22,유,유,무,부상,중앙선 침범,2022.4.14,126,대덕구 법동,2022D56
825,최연우,여,1977.8.6,유,유,무,부상,신호위반,2022.7.8,103,서구 만년동,2022G38
826,김선우,여,1996.5.13,유,유,무,부상,신호위반,2022.12.28,101,중구 은행선화동,2022L75
827,노선우,남,1981.7.8,유,유,무,부상,과속,2022.4.9,116,유성구 신성동,2022D18
828,김지호,여,1993.10.12,유,유,무,부상,중앙선 침범,2022.1.24,97,대덕구 회덕동,2022A70
829,조선우,여,1965.2.22,유,유,무,부상,중앙선 침범,2022.8.11,119,대덕구 석봉동,2022H7
830,곽예준,여,1985.2.26,유,유,유,부상,음주운전,2022.12.25,113,동구 효동,2022L61
831,유주호,남,1992.8.23,유,유,무,부상,중앙선 침범,2022.2.28,115,대덕구 법동,2022B86
832,최준서,남,1963.6.16,유,유,무,부상,신호위반,2022.12.23,128,동구 신인동,2022L84
833,김서연,여,1985.10.20,유,유,무,부상,중앙선 침범,2022.6.10,120,동구 신인동,2022F60
834,장채은,남,1988.5.10,유,유,무,부상,중앙선 침범,2022.7.1,100,대덕구 석봉동,2022G67
835,조민준,여,1986.1.15,유,유,무,사망,과속,2022.10.4,136,대덕구 회덕동,2022J26
836,이수정,여,1963.5.31,유,유,무,부상,과속,2022.10.30,91,중구 목동,2022J63
837,성민준,여,1997.7.31,유,유,무,사망,과속,2022.3.23,131,서구 둔상동,2022C2
838,한채은,남,1991.11.21,유,유,무,부상,과속,2022.1.14,101,유성구 신성동,2022A98
839,정윤서,여,1966.7.1,유,유,무,사망,신호위반,2022.7.25,133,동구 자양동,2022G22
840,곽수정,여,1988.11.16,유,유,무,사망,과속,2022.12.8,134,서구 도마동,2022L35
841,황서연,여,1960.8.17,유,유,무,부상,중앙선 침범,2022.11.20,128,대덕구 회덕동,2022K95
842,곽채원,남,1967.2.26,유,유,무,사망,신호위반,2022.4.7,139,중구 은행선화동,2022D86
843,육지원,남,1960.7.17,유,유,무,부상,과속,2022.1.14,101,중구 오류동,2022A88
844,조서진,여,2001.9.29,유,유,무,사망,신호위반,2022.11.13,135,서구 갈마동,2022K52
845,노서윤,남,1996.3.18,유,유,무,부상,중앙선 침범,2022.12.23,92,중구 오류동,2022L52
846,성서연,여,1969.6.28,유,유,무,부상,중앙선 침범,2022.10.11,103,중구 목동,2022J6
847,유서현,남,1975.2.19,유,유,무,사망,신호위반,2022.5.23,130,서구 만년동,2022Z73
848,김지안,여,1962.3.30,유,유,무,부상,신호위반,2022.6.24,92,중구 대흥동,2022F11
849,최선우,여,1966.1.28,유,유,무,부상,신호위반,2022.1.21,100,유성구 신성동,2022A2
850,장민서,남,1973.10.10,유,유,무,부상,중앙선 침범,2022.4.8,122,동구 자양동,2022D86
851,곽하준,남,1988.1.4,유,유,유,부상,음주운전,2022.2.1,97,중구 은행선화동,2022B27
852,조서윤,남,1963.4.24,유,유,무,사망,과속,2022.1.4,130,서구 도마동,2022A51
853,조윤서,여,1974.12.13,유,유,무,부상,신호위반,2022.8.18,95,유성구 진잠동,2022H56
854,곽지민,남,1965.2.11,유,유,무,부상,중앙선 침범,2022.5.29,94,유성구 전민동,2022Z12
855,노준우,남,2000.11.24,유,유,유,부상,음주운전,2022.7.11,91,유성구 신성동,2022G56
856,최시우,여,1973.9.2,유,유,유,부상,음주운전,2022.4.13,124,중구 대사동,2022D58
857,조주원,남,1992.12.7,유,유,무,부상,중앙선 침범,2022.9.22,104,중구 은행선화동,2022I56
858,곽채은,남,1993.5.23,유,유,무,부상,과속,2022.9.7,97,대덕구 법동,2022I79
859,한지후,여,1970.5.18,유,유,무,부상,과속,2022.10.25,117,서구 갈마동,2022J92
860,김지우,여,1966.11.10,유,유,무,부상,신호위반,2022.12.6,111,대덕구 법동,2022L98
861,유주원,남,1993.10.7,유,유,무,부상,과속,2022.8.30,106,중구 은행선화동,2022H61
862,육민서,여,1977.8.17,유,유,무,부상,신호위반,2022.2.17,115,대덕구 법동,2022B32
863,김채은,여,1999.7.26,유,유,무,부상,중앙선 침범,2022.6.1,103,대덕구 회덕동,2022F34
864,박지안,남,1994.8.10,유,유,무,부상,중앙선 침범,2022.1.1,98,대덕구 석봉동,2022A10
865,노윤서,여,1972.1.4,유,유,무,사망,중앙선 침범,2022.3.2,130,대덕구 송촌동,2022C93
866,노민서,여,1988.4.21,유,유,무,부상,신호위반,2022.4.30,113,유성구 관평동,2022D52
867,조서윤,남,1974.11.5,유,유,무,부상,중앙선 침범,2022.7.5,103,대덕구 송촌동,2022G19
868,박선우,남,1973.9.5,유,유,무,부상,중앙선 침범,2022.10.20,94,중구 대흥동,2022J42
869,이서진,여,1978.9.30,유,유,무,사망,신호위반,2022.5.20,131,중구 대흥동,2022Z66
870,황윤서,여,1973.10.16,유,유,무,부상,신호위반,2022.4.30,95,대덕구 회덕동,2022D86
871,성지민,여,1960.10.26,유,유,무,부상,신호위반,2022.5.8,97,대덕구 회덕동,2022Z61
872,육준서,여,1982.4.4,유,유,무,부상,신호위반,2022.10.8,112,중구 오류동,2022J3
873,곽준우,남,1999.12.8,유,유,무,사망,과속,2022.3.8,108,서구 둔상동,2022C38
874,한채원,남,1969.1.18,유,유,유,부상,음주운전,2022.7.8,128,동구 삼성동,2022G60
875,황연우,여,1998.8.2,유,유,유,사망,음주운전,2022.9.26,91,중구 대사동,2022I68
876,조주원,남,1986.1.26,유,유,무,사망,신호위반,2022.7.15,132,동구 삼성동,2022G29
877,이민서,여,1963.5.13,유,유,무,부상,중앙선 침범,2022.2.29,103,동구 신인동,2022B37
878,박채은,남,1976.6.5,유,유,무,부상,신호위반,2022.7.30,119,중구 오류동,2022G13
879,조지후,남,1983.12.26,유,유,유,부상,음주운전,2022.12.1,126,동구 자양동,2022L28
880,조도윤,남,2000.9.29,유,유,무,사망,과속,2022.4.6,132,대덕구 회덕동,2022D15
881,한서준,남,1992.10.19,유,유,무,부상,중앙선 침범,2022.9.14,119,중구 은행선화동,2022I96
882,박준서,여,1976.7.19,유,유,무,부상,중앙선 침범,2022.2.7,93,동구 자양동,2022B6
883,이시우,여,1965.1.14,유,유,무,부상,과속,2022.5.2,119,서구 갈마동,2022Z35
884,정예준,남,1985.7.24,유,유,무,부상,중앙선 침범,2022.11.20,108,서구 만년동,2022K61
885,노서준,여,1984.8.9,유,유,무,부상,과속,2022.12.18,95,대덕구 회덕동,2022L6
886,박연우,남,1983.10.25,유,유,유,사망,음주운전,2022.1.2,130,중구 오류동,2022A66
887,한연우,여,1992.8.8,유,유,무,부상,과속,2022.8.13,113,중구 오류동,2022H34
888,유민준,남,1978.10.18,유,유,무,부상,신호위반,2022.6.19,99,동구 삼성동,2022F72
889,유서진,남,2000.11.6,유,유,유,부상,음주운전,2022.2.26,121,동구 효동,2022B59
890,장채은,여,2002.7.29,유,유,무,부상,신호위반,2022.11.20,106,동구 효동,2022K89
891,이서연,남,1992.11.5,유,유,무,부상,신호위반,2022.11.11,99,서구 월평동,2022K82
892,성서연,남,1985.10.2,유,유,무,사망,중앙선 침범,2022.7.23,111,유성구 전민동,2022G81
893,이준우,남,1989.1.19,유,유,무,사망,과속,2022.5.13,137,대덕구 오정동,2022Z94
894,김서윤,여,1976.7.7,유,유,유,사망,음주운전,2022.4.4,91,동구 자양동,2022D49
895,이지후,남,1960.8.17,유,유,무,부상,중앙선 침범,2022.7.20,93,동구 신인동,2022G73
896,김준서,남,1996.6.9,유,유,무,사망,과속,2022.8.19,136,대덕구 오정동,2022H83
897,이도윤,여,1968.2.25,유,유,무,부상,중앙선 침범,2022.6.18,98,서구 만년동,2022F93
898,장주원,남,1996.5.23,유,유,유,부상,음주운전,2022.4.21,116,중구 대흥동,2022D7
899,육주원,남,1964.7.28,유,유,무,부상,신호위반,2022.10.10,101,중구 대사동,2022J9
900,육지후,남,1981.1.27,유,유,유,부상,음주운전,2022.4.27,109,대덕구 오정동,2022D93
901,김준서,남,1989.1.3,유,유,무,부상,신호위반,2022.9.17,92,중구 대흥동,2022I10
902,유도윤,여,2002.4.29,유,유,무,사망,신호위반,2022.4.5,136,대덕구 법동,2022D17
903,유민준,여,1974.9.3,유,유,무,부상,신호위반,2022.2.5,108,서구 월평동,2022B34
904,황하은,여,1993.9.20,유,유,무,사망,과속,2022.4.12,122,동구 효동,2022D22
905,성선우,남,1960.3.11,유,유,무,부상,과속,2022.1.4,108,유성구 전민동,2022A50
906,최지우,여,1987.5.9,유,유,무,부상,신호위반,2022.4.15,102,대덕구 송촌동,2022D28
907,정수정,여,2001.6.31,유,유,무,부상,중앙선 침범,2022.2.11,111,유성구 노은동,2022B54
908,한지호,남,1986.11.25,유,유,무,부상,중앙선 침범,2022.2.8,123,대덕구 회덕동,2022B95
909,유지안,여,1985.6.16,유,유,무,부상,중앙선 침범,2022.2.23,129,서구 월평동,2022B33
910,박하은,여,1986.1.2,유,유,무,부상,중앙선 침범,2022.7.16,121,대덕구 송촌동,2022G34
911,유서연,여,1966.9.23,유,유,무,부상,과속,2022.8.26,119,유성구 진잠동,2022H99
912,노서준,남,1968.2.6,유,유,무,부상,중앙선 침범,2022.6.28,109,동구 용운동,2022F89
913,조윤서,여,1990.10.5,유,유,무,사망,과속,2022.10.1,134,서구 월평동,2022J92
914,김주호,여,1975.11.9,유,유,유,부상,음주운전,2022.11.21,127,서구 월평동,2022K17
915,노서진,여,1988.4.14,유,유,유,부상,음주운전,2022.7.16,122,동구 삼성동,2022G31
916,이하윤,남,1977.12.19,유,유,무,부상,과속,2022.3.16,114,중구 은행선화동,2022C1
917,유수정,남,1964.5.9,유,유,유,부상,음주운전,2022.3.16,117,중구 대사동,2022C29
918,노서현,여,1989.7.5,유,유,무,사망,신호위반,2022.2.25,112,동구 자양동,2022B28
919,노민서,여,2000.2.29,유,유,무,부상,중앙선 침범,2022.2.2,126,대덕구 송촌동,2022B12
920,이서연,남,1969.12.18,유,유,무,부상,중앙선 침범,2022.6.26,110,동구 자양동,2022F90
921,곽지우,남,1981.10.16,유,유,무,부상,과속,2022.4.9,103,중구 오류동,2022D34
922,한지원,남,1994.9.20,유,유,무,부상,신호위반,2022.12.19,91,유성구 신성동,2022L86
923,조주원,여,1997.10.23,유,유,무,사망,중앙선 침범,2022.5.4,120,대덕구 오정동,2022Z96
924,김수정,남,1997.5.4,유,유,무,부상,과속,2022.7.14,96,동구 신인동,2022G99
925,육민서,남,1995.3.10,유,유,무,부상,신호위반,2022.8.22,90,서구 월평동,2022H1
926,조지후,여,1987.7.18,유,유,유,사망,음주운전,2022.4.4,105,서구 둔상동,2022D36
927,곽서현,여,1960.4.9,유,유,무,사망,과속,2022.4.29,139,서구 만년동,2022D20
928,조시우,남,1991.9.15,유,유,유,부상,음주운전,2022.1.7,125,유성구 진잠동,2022A95
929,유준우,남,1967.5.29,유,유,유,부상,음주운전,2022.5.21,94,대덕구 회덕동,2022Z37
930,최하윤,남,1985.4.24,유,유,무,부상,중앙선 침범,2022.6.18,110,중구 대사동,2022F73
931,김서준,남,1983.1.22,유,유,무,부상,중앙선 침범,2022.1.11,127,동구 자양동,2022A85
932,박주호,남,1978.12.3,유,유,무,사망,과속,2022.7.24,139,유성구 관평동,2022G55
933,최서준,남,1965.10.2,유,유,유,사망,음주운전,2022.4.9,123,유성구 신성동,2022D99
934,장연우,남,1993.8.26,유,유,무,부상,과속,2022.7.22,118,대덕구 법동,2022G94
935,장하준,남,1992.8.21,유,유,무,부상,과속,2022.1.1,95,대덕구 석봉동,2022A5
936,유서진,여,1992.5.28,유,유,무,부상,과속,2022.2.15,115,유성구 진잠동,2022B77
937,성채원,남,1981.9.12,유,유,유,부상,음주운전,2022.2.25,94,대덕구 오정동,2022B28
938,성서윤,여,1997.12.31,유,유,유,부상,음주운전,2022.8.8,107,서구 둔상동,2022H81
939,노준우,남,1999.1.13,유,유,무,부상,신호위반,2022.9.30,120,서구 갈마동,2022I78
940,정지우,남,1973.8.5,유,유,유,부상,음주운전,2022.1.8,102,서구 만년동,2022A73
941,노도윤,남,1989.9.10,유,유,무,부상,과속,2022.1.3,99,대덕구 법동,2022A68
942,육윤서,여,1994.5.22,유,유,무,부상,과속,2022.11.2,121,동구 삼성동,2022K54
943,박민서,여,1991.2.14,유,유,무,부상,신호위반,2022.12.8,127,중구 오류동,2022L53
944,곽시우,남,1978.4.4,유,유,무,부상,중앙선 침범,2022.5.3,107,서구 갈마동,2022Z28
945,육지유,여,1970.3.5,유,유,무,사망,중앙선 침범,2022.3.7,129,서구 도마동,2022C43
946,노민준,여,2001.12.13,유,유,무,부상,과속,2022.2.6,110,서구 월평동,2022B54
947,조지후,남,1992.10.3,유,유,무,부상,중앙선 침범,2022.3.5,129,대덕구 송촌동,2022C80
948,한지우,남,1999.12.20,유,유,무,부상,중앙선 침범,2022.3.24,96,대덕구 석봉동,2022C51
949,조서연,여,1974.7.11,유,유,무,부상,중앙선 침범,2022.4.17,115,동구 자양동,2022D34
950,황주호,여,1964.1.21,유,유,무,사망,중앙선 침범,2022.6.30,136,중구 대흥동,2022F37
951,성하준,남,1968.11.29,유,유,무,부상,신호위반,2022.7.20,106,유성구 노은동,2022G8
952,성채은,남,1998.3.15,유,유,무,부상,과속,2022.9.1,116,중구 대흥동,2022I13
953,성지민,여,1991.5.14,유,유,무,부상,신호위반,2022.1.25,102,동구 용운동,2022A40
954,황지원,남,1966.1.23,유,유,무,부상,중앙선 침범,2022.7.15,126,동구 신인동,2022G27
955,이하윤,남,1964.8.2,유,유,무,부상,과속,2022.4.17,103,중구 대흥동,2022D20
956,정준우,여,1962.10.11,유,유,유,사망,음주운전,2022.1.18,130,동구 용운동,2022A9
957,정수정,여,1963.1.17,유,유,유,부상,음주운전,2022.5.4,113,동구 효동,2022Z93
958,유지후,남,1996.5.29,유,유,무,사망,과속,2022.2.15,113,동구 용운동,2022B36
959,정하은,여,1984.10.24,유,유,무,사망,신호위반,2022.6.25,137,동구 삼성동,2022F81
960,성서준,여,1972.5.20,유,유,유,부상,음주운전,2022.2.26,123,중구 목동,2022B69
961,박지호,남,1999.3.15,유,유,무,부상,중앙선 침범,2022.12.8,113,중구 대흥동,2022L77
962,최예준,남,1981.4.12,유,유,무,부상,신호위반,2022.10.12,129,서구 월평동,2022J52
963,장지원,남,1993.6.11,유,유,유,부상,음주운전,2022.5.27,124,서구 도마동,2022Z34
964,김민준,남,2000.7.6,유,유,유,부상,음주운전,2022.6.25,105,중구 은행선화동,2022F79
965,박주호,여,1979.7.27,유,유,무,부상,중앙선 침범,2022.9.2,107,중구 목동,2022I82
966,한주호,여,1987.7.17,유,유,무,사망,중앙선 침범,2022.7.28,135,서구 도마동,2022G15
967,노서진,남,1984.5.14,유,유,무,사망,과속,2022.5.26,110,유성구 관평동,2022Z83
968,정서연,남,1962.12.15,유,유,무,사망,신호위반,2022.1.22,132,서구 만년동,2022A69
969,성지우,여,1973.3.16,유,유,유,사망,음주운전,2022.3.24,104,유성구 신성동,2022C9
970,유채은,여,1975.6.17,유,유,유,부상,음주운전,2022.1.10,102,유성구 전민동,2022A68
971,조서연,여,1968.10.14,유,유,무,부상,중앙선 침범,2022.4.27,93,동구 용운동,2022D68
972,노채은,여,1967.11.26,유,유,무,부상,신호위반,2022.3.25,113,동구 삼성동,2022C84
973,유지후,여,1992.5.13,유,유,무,사망,과속,2022.4.22,114,동구 용운동,2022D88
974,곽주원,여,1993.1.28,유,유,무,부상,신호위반,2022.4.3,118,서구 둔상동,2022D17
975,이하윤,여,1974.4.11,유,유,무,부상,신호위반,2022.5.5,101,서구 둔상동,2022Z5
976,정민서,남,1964.10.23,유,유,무,부상,중앙선 침범,2022.1.30,103,동구 자양동,2022A5
977,정윤서,여,1987.6.8,유,유,무,부상,신호위반,2022.3.1,91,대덕구 오정동,2022C2
978,황하은,여,1992.6.29,유,유,무,부상,중앙선 침범,2022.1.19,90,서구 만년동,2022A60
979,곽지우,여,1987.5.27,유,유,무,부상,신호위반,2022.12.26,120,동구 효동,2022L92
980,김민서,남,1969.12.16,유,유,유,부상,음주운전,2022.1.7,111,동구 신인동,2022A72
981,이민서,남,1978.3.20,유,유,유,부상,음주운전,2022.6.13,108,유성구 전민동,2022F4
982,최지민,남,1960.7.15,유,유,유,사망,음주운전,2022.6.8,134,대덕구 회덕동,2022F94
983,이예준,남,1974.7.3,유,유,유,부상,음주운전,2022.10.5,121,서구 둔상동,2022J71
984,곽연우,여,1974.4.12,유,유,무,부상,신호위반,2022.5.2,91,동구 신인동,2022Z66
985,곽수정,여,2000.10.15,유,유,무,부상,과속,2022.7.10,101,동구 신인동,2022G74
986,최도윤,여,1971.1.12,유,유,무,부상,중앙선 침범,2022.7.24,95,유성구 신성동,2022G97
987,황준서,남,1992.12.23,유,유,무,사망,중앙선 침범,2022.3.30,138,대덕구 법동,2022C56
988,이민서,남,1970.11.31,유,유,무,사망,중앙선 침범,2022.5.8,137,서구 만년동,2022Z65
989,박지민,남,1963.4.25,유,유,무,부상,중앙선 침범,2022.4.20,120,유성구 진잠동,2022D70
990,이준서,여,1960.6.27,유,유,유,부상,음주운전,2022.12.28,114,대덕구 송촌동,2022L77
991,조하윤,남,1972.10.8,유,유,유,사망,음주운전,2022.8.23,132,대덕구 법동,2022H69
992,이준우,여,1961.4.5,유,유,무,사망,신호위반,2022.2.12,111,동구 용운동,2022B98
993,박선우,여,1996.7.22,유,유,유,사망,음주운전,2022.3.15,134,유성구 관평동,2022C56
994,곽지후,남,1984.6.27,유,유,무,부상,중앙선 침범,2022.2.24,123,동구 자양동,2022B86
995,장민준,남,1982.7.31,유,유,무,부상,중앙선 침범,2022.3.26,126,대덕구 법동,2022C21
996,정지후,여,1971.9.14,유,유,무,부상,신호위반,2022.6.2,106,대덕구 회덕동,2022F31
997,황하준,여,1979.6.3,유,유,무,사망,중앙선 침범,2022.11.9,138,유성구 관평동,2022K57
998,한지호,남,1976.7.20,유,유,유,부상,음주운전,2022.9.6,119,서구 둔상동,2022I78
999,성도윤,여,1964.5.29,유,유,무,부상,과속,2022.7.20,107,중구 오류동,2022G17
1000,곽준우,남,1975.11.17,유,유,무,부상,중앙선 침범,2022.9.13,120,중구 목동,2022I28
